# Data for D- transitions (Q) 
#  Number of transitions: 375 
#  JU 	 VU 	 JL 	 VL 		 lambda [A] 		 osc strength f 		 Gamma [1/s]
     1      0      1      1               920.32          1.35000E-02          3.54802E+08
     1      0      1      2               954.76          1.61600E-02          3.54802E+08
     1      0      1      3               989.63          9.93500E-03          3.54802E+08
     1      0      1      4              1024.74          3.31400E-03          3.54802E+08
     1      0      1      5              1059.88          5.75200E-04          3.54802E+08
     1      0      1      6              1094.79          4.61200E-05          3.54802E+08
     1      0      1      7              1129.11          1.04700E-06          3.54802E+08
     1      0      1      8              1162.41          2.81700E-09          3.54802E+08
     1      0      1      9              1194.14          5.72500E-12          3.54802E+08
     1      0      1     10              1223.65          2.60200E-11          3.54802E+08
     1      0      1     11              1250.10          6.97300E-10          3.54802E+08
     1      0      1     12              1272.46          1.03600E-09          3.54802E+08
     1      0      1     13              1289.50          5.52100E-11          3.54802E+08
     1      0      1     14              1299.69          3.97800E-13          3.54802E+08
     2      0      2      1               921.22          1.35100E-02          3.54582E+08
     2      0      2      2               955.63          1.61900E-02          3.54582E+08
     2      0      2      3               990.45          9.95400E-03          3.54582E+08
     2      0      2      4              1025.50          3.31600E-03          3.54582E+08
     2      0      2      5              1060.57          5.74000E-04          3.54582E+08
     2      0      2      6              1095.38          4.56600E-05          3.54582E+08
     2      0      2      7              1129.59          1.00800E-06          3.54582E+08
     2      0      2      8              1162.75          3.08500E-09          3.54582E+08
     2      0      2      9              1194.32          1.21000E-12          3.54582E+08
     2      0      2     10              1223.63          2.56800E-11          3.54582E+08
     2      0      2     11              1249.83          5.63600E-10          3.54582E+08
     2      0      2     12              1271.89          9.33500E-10          3.54582E+08
     2      0      2     13              1288.56          5.52500E-11          3.54582E+08
     2      0      2     14              1298.26          8.26200E-13          3.54582E+08
     3      0      3      1               922.57          1.35300E-02          3.54257E+08
     3      0      3      2               956.92          1.62300E-02          3.54257E+08
     3      0      3      3               991.66          9.98200E-03          3.54257E+08
     3      0      3      4              1026.63          3.32000E-03          3.54257E+08
     3      0      3      5              1061.59          5.72000E-04          3.54257E+08
     3      0      3      6              1096.26          4.49700E-05          3.54257E+08
     3      0      3      7              1130.30          9.50300E-07          3.54257E+08
     3      0      3      8              1163.25          3.53300E-09          3.54257E+08
     3      0      3      9              1194.58          1.87800E-13          3.54257E+08
     3      0      3     10              1223.58          2.71200E-11          3.54257E+08
     3      0      3     11              1249.40          4.34000E-10          3.54257E+08
     3      0      3     12              1271.02          8.37700E-10          3.54257E+08
     3      0      3     13              1287.11          5.69200E-11          3.54257E+08
     3      0      3     14              1296.06          1.54700E-12          3.54257E+08
     4      0      4      1               924.34          1.35500E-02          3.53834E+08
     4      0      4      2               958.62          1.62900E-02          3.53834E+08
     4      0      4      3               993.27          1.00200E-02          3.53834E+08
     4      0      4      4              1028.11          3.32500E-03          3.53834E+08
     4      0      4      5              1062.92          5.69400E-04          3.53834E+08
     4      0      4      6              1097.41          4.40400E-05          3.53834E+08
     4      0      4      7              1131.22          8.76200E-07          3.53834E+08
     4      0      4      8              1163.90          4.16200E-09          3.53834E+08
     4      0      4      9              1194.89          4.93000E-12          3.53834E+08
     4      0      4     10              1223.48          3.01000E-11          3.53834E+08
     4      0      4     11              1248.81          3.11500E-10          3.53834E+08
     4      0      4     12              1269.81          7.31000E-10          3.53834E+08
     4      0      4     13              1285.14          5.83400E-11          3.53834E+08
     5      0      5      1               926.54          1.35800E-02          3.53322E+08
     5      0      5      2               960.72          1.63600E-02          3.53322E+08
     5      0      5      3               995.25          1.00700E-02          3.53322E+08
     5      0      5      4              1029.94          3.33100E-03          3.53322E+08
     5      0      5      5              1064.56          5.66200E-04          3.53322E+08
     5      0      5      6              1098.82          4.28700E-05          3.53322E+08
     5      0      5      7              1132.35          7.87500E-07          3.53322E+08
     5      0      5      8              1164.68          5.07000E-09          3.53322E+08
     5      0      5      9              1195.24          1.43000E-11          3.53322E+08
     5      0      5     10              1223.32          3.99600E-11          3.53322E+08
     5      0      5     11              1248.02          2.47500E-10          3.53322E+08
     5      0      5     12              1268.24          7.03100E-10          3.53322E+08
     5      0      5     13              1282.59          6.49100E-11          3.53322E+08
     6      0      6      1               929.14          1.36200E-02          3.52728E+08
     6      0      6      2               963.21          1.64400E-02          3.52728E+08
     6      0      6      3               997.59          1.01200E-02          3.52728E+08
     6      0      6      4              1032.09          3.33900E-03          3.52728E+08
     6      0      6      5              1066.48          5.62200E-04          3.52728E+08
     6      0      6      6              1100.46          4.14600E-05          3.52728E+08
     6      0      6      7              1133.64          6.87400E-07          3.52728E+08
     6      0      6      8              1165.55          6.26000E-09          3.52728E+08
     6      0      6      9              1195.60          2.82600E-11          3.52728E+08
     6      0      6     10              1223.06          6.01000E-11          3.52728E+08
     6      0      6     11              1247.00          2.21900E-10          3.52728E+08
     6      0      6     12              1266.28          7.41500E-10          3.52728E+08
     6      0      6     13              1279.40          7.70500E-11          3.52728E+08
     7      0      7      1               932.12          1.36600E-02          3.52065E+08
     7      0      7      2               966.05          1.65400E-02          3.52065E+08
     7      0      7      3              1000.26          1.01900E-02          3.52065E+08
     7      0      7      4              1034.55          3.34800E-03          3.52065E+08
     7      0      7      5              1068.67          5.57400E-04          3.52065E+08
     7      0      7      6              1102.31          3.97800E-05          3.52065E+08
     7      0      7      7              1135.08          5.79900E-07          3.52065E+08
     7      0      7      8              1166.50          7.78200E-09          3.52065E+08
     7      0      7      9              1195.95          5.05100E-11          3.52065E+08
     7      0      7     10              1222.67          1.07100E-10          3.52065E+08
     7      0      7     11              1245.71          2.60600E-10          3.52065E+08
     7      0      7     12              1263.86          9.65300E-10          3.52065E+08
     7      0      7     13              1275.47          1.06800E-10          3.52065E+08
     8      0      8      1               935.47          1.37000E-02          3.51343E+08
     8      0      8      2               969.24          1.66500E-02          3.51343E+08
     8      0      8      3              1003.25          1.02700E-02          3.51343E+08
     8      0      8      4              1037.28          3.35800E-03          3.51343E+08
     8      0      8      5              1071.09          5.51600E-04          3.51343E+08
     8      0      8      6              1104.34          3.78100E-05          3.51343E+08
     8      0      8      7              1136.65          4.72200E-07          3.51343E+08
     8      0      8      8              1167.50          9.74500E-09          3.51343E+08
     8      0      8      9              1196.25          1.27000E-10          3.51343E+08
     8      0      8     10              1222.12          2.80500E-10          3.51343E+08
     8      0      8     11              1244.10          5.54700E-10          3.51343E+08
     8      0      8     12              1260.92          2.17300E-09          3.51343E+08
     9      0      9      1               939.17          1.40500E-02          3.50690E+08
     9      0      9      2               972.75          1.65700E-02          3.50690E+08
     9      0      9      3              1006.52          1.02600E-02          3.50690E+08
     9      0      9      4              1040.27          3.50900E-03          3.50690E+08
     9      0      9      5              1073.72          5.17900E-04          3.50690E+08
     9      0      9      6              1106.54          2.67900E-05          3.50690E+08
     9      0      9      7              1138.31          3.61100E-06          3.50690E+08
     9      0      9      8              1168.50          1.39000E-07          3.50690E+08
     9      0      9      9              1196.46          1.46400E-06          3.50690E+08
     9      0      9     10              1221.36          2.05300E-06          3.50690E+08
     9      0      9     11              1242.13          4.70900E-06          3.50690E+08
     9      0      9     12              1257.37          2.05300E-05          3.50690E+08
    10      0     10      1               943.19          1.38000E-02          3.49770E+08
    10      0     10      2               976.56          1.69300E-02          3.49770E+08
    10      0     10      3              1010.07          1.04500E-02          3.49770E+08
    10      0     10      4              1043.48          3.37600E-03          3.49770E+08
    10      0     10      5              1076.53          5.37000E-04          3.49770E+08
    10      0     10      6              1108.86          3.32700E-05          3.49770E+08
    10      0     10      7              1140.03          2.25000E-07          3.49770E+08
    10      0     10      8              1169.49          1.29400E-08          3.49770E+08
    10      0     10      9              1196.55          2.04100E-10          3.49770E+08
    10      0     10     10              1220.34          3.78300E-11          3.49770E+08
    10      0     10     11              1239.72          2.03000E-10          3.49770E+08
    10      0     10     12              1253.09          1.27100E-09          3.49770E+08
    11      0     11      0               914.62          4.43500E-03          3.48943E+08
    11      0     11      1               947.51          1.38700E-02          3.48943E+08
    11      0     11      2               980.65          1.70800E-02          3.48943E+08
    11      0     11      3              1013.86          1.05500E-02          3.48943E+08
    11      0     11      4              1046.91          3.38700E-03          3.48943E+08
    11      0     11      5              1079.50          5.26900E-04          3.48943E+08
    11      0     11      6              1111.28          3.04200E-05          3.48943E+08
    11      0     11      7              1141.77          1.37300E-07          3.48943E+08
    11      0     11      8              1170.41          1.52400E-08          3.48943E+08
    11      0     11      9              1196.47          1.57000E-10          3.48943E+08
    11      0     11     10              1219.00          1.18800E-12          3.48943E+08
    11      0     11     11              1236.78          1.65900E-11          3.48943E+08
    12      0     12      0               919.43          4.42200E-03          3.48103E+08
    12      0     12      1               952.11          1.39400E-02          3.48103E+08
    12      0     12      2               984.98          1.72600E-02          3.48103E+08
    12      0     12      3              1017.86          1.06600E-02          3.48103E+08
    12      0     12      4              1050.50          3.39600E-03          3.48103E+08
    12      0     12      5              1082.60          5.14800E-04          3.48103E+08
    12      0     12      6              1113.76          2.73000E-05          3.48103E+08
    12      0     12      7              1143.51          6.38800E-08          3.48103E+08
    12      0     12      8              1171.24          1.71100E-08          3.48103E+08
    12      0     12      9              1196.16          2.71600E-10          3.48103E+08
    12      0     12     10              1217.29          1.35300E-11          3.48103E+08
    12      0     12     11              1233.22          5.62700E-12          3.48103E+08
    13      0     13      0               924.52          4.41100E-03          3.47265E+08
    13      0     13      1               956.96          1.40000E-02          3.47265E+08
    13      0     13      2               989.55          1.74500E-02          3.47265E+08
    13      0     13      3              1022.06          1.07800E-02          3.47265E+08
    13      0     13      4              1054.25          3.40100E-03          3.47265E+08
    13      0     13      5              1085.80          5.00800E-04          3.47265E+08
    13      0     13      6              1116.29          2.39800E-05          3.47265E+08
    13      0     13      7              1145.21          1.09800E-08          3.47265E+08
    13      0     13      8              1171.92          1.42700E-08          3.47265E+08
    13      0     13      9              1195.59          6.66900E-10          3.47265E+08
    13      0     13     10              1215.11          2.14200E-10          3.47265E+08
    14      0     14      0               929.87          4.39600E-03          3.46438E+08
    14      0     14      1               962.05          1.40900E-02          3.46438E+08
    14      0     14      2               994.31          1.76500E-02          3.46438E+08
    14      0     14      3              1026.43          1.09000E-02          3.46438E+08
    14      0     14      4              1058.13          3.40500E-03          3.46438E+08
    14      0     14      5              1089.06          4.82700E-04          3.46438E+08
    14      0     14      6              1118.81          2.03200E-05          3.46438E+08
    14      0     14      7              1146.82          4.22000E-10          3.46438E+08
    14      0     14      8              1172.41          1.57100E-08          3.46438E+08
    14      0     14      9              1194.68          1.02800E-09          3.46438E+08
    14      0     14     10              1212.37          2.78900E-11          3.46438E+08
     1      1      1      2               934.92          2.27200E-05          3.54275E+08
     1      1      1      3               968.32          7.87900E-03          3.54275E+08
     1      1      1      4              1001.92          1.55300E-02          3.54275E+08
     1      1      1      5              1035.49          8.92600E-03          3.54275E+08
     1      1      1      6              1068.78          2.27600E-03          3.54275E+08
     1      1      1      7              1101.46          2.74700E-04          3.54275E+08
     1      1      1      8              1133.12          4.75900E-07          3.54275E+08
     1      1      1      9              1163.26          1.05900E-06          3.54275E+08
     1      1      1     10              1191.25          4.73000E-06          3.54275E+08
     1      1      1     11              1216.30          2.01700E-06          3.54275E+08
     1      1      1     12              1237.46          1.97100E-06          3.54275E+08
     1      1      1     13              1253.57          5.89900E-05          3.54275E+08
     1      1      1     14              1263.20          2.49300E-06          3.54275E+08
     2      1      2      2               935.81          1.18400E-05          3.53788E+08
     2      1      2      3               969.17          7.89300E-03          3.53788E+08
     2      1      2      4              1002.70          1.52300E-02          3.53788E+08
     2      1      2      5              1036.21          9.19400E-03          3.53788E+08
     2      1      2      6              1069.41          2.29400E-03          3.53788E+08
     2      1      2      7              1101.99          2.18800E-04          3.53788E+08
     2      1      2      8              1133.53          3.48500E-06          3.53788E+08
     2      1      2      9              1163.52          1.03100E-07          3.53788E+08
     2      1      2     10              1191.31          1.25000E-08          3.53788E+08
     2      1      2     11              1216.13          4.35600E-09          3.53788E+08
     2      1      2     12              1237.01          5.41400E-09          3.53788E+08
     2      1      2     13              1252.77          1.65900E-07          3.53788E+08
     2      1      2     14              1261.94          7.09500E-09          3.53788E+08
     3      1      3      2               937.12          1.20500E-05          3.53486E+08
     3      1      3      3               970.42          7.91300E-03          3.53486E+08
     3      1      3      4              1003.88          1.52700E-02          3.53486E+08
     3      1      3      5              1037.28          9.21500E-03          3.53486E+08
     3      1      3      6              1070.36          2.28400E-03          3.53486E+08
     3      1      3      7              1102.78          2.12600E-04          3.53486E+08
     3      1      3      8              1134.13          3.31000E-06          3.53486E+08
     3      1      3      9              1163.88          9.53700E-08          3.53486E+08
     3      1      3     10              1191.39          2.01500E-09          3.53486E+08
     3      1      3     11              1215.87          3.98000E-10          3.53486E+08
     3      1      3     12              1236.33          8.33100E-10          3.53486E+08
     3      1      3     13              1251.55          2.62400E-08          3.53486E+08
     3      1      3     14              1260.01          1.11200E-09          3.53486E+08
     4      1      4      2               938.86          1.27100E-05          3.53100E+08
     4      1      4      3               972.07          7.93900E-03          3.53100E+08
     4      1      4      4              1005.42          1.53400E-02          3.53100E+08
     4      1      4      5              1038.69          9.23400E-03          3.53100E+08
     4      1      4      6              1071.60          2.26900E-03          3.53100E+08
     4      1      4      7              1103.81          2.06100E-04          3.53100E+08
     4      1      4      8              1134.90          2.93400E-06          3.53100E+08
     4      1      4      9              1164.35          1.00200E-07          3.53100E+08
     4      1      4     10              1191.48          7.91200E-10          3.53100E+08
     4      1      4     11              1215.49          3.24100E-11          3.53100E+08
     4      1      4     12              1235.37          2.39000E-10          3.53100E+08
     4      1      4     13              1249.87          8.06100E-09          3.53100E+08
     5      1      5      2               941.01          1.36700E-05          3.52632E+08
     5      1      5      3               974.11          7.97100E-03          3.52632E+08
     5      1      5      4              1007.32          1.54200E-02          3.52632E+08
     5      1      5      5              1040.41          9.25600E-03          3.52632E+08
     5      1      5      6              1073.11          2.25100E-03          3.52632E+08
     5      1      5      7              1105.06          1.98300E-04          3.52632E+08
     5      1      5      8              1135.84          2.46500E-06          3.52632E+08
     5      1      5      9              1164.88          1.09200E-07          3.52632E+08
     5      1      5     10              1191.54          5.84700E-10          3.52632E+08
     5      1      5     11              1214.96          1.86400E-12          3.52632E+08
     5      1      5     12              1234.12          8.43700E-11          3.52632E+08
     5      1      5     13              1247.70          3.53100E-09          3.52632E+08
     6      1      6      2               943.56          1.49400E-05          3.52099E+08
     6      1      6      3               976.52          8.01100E-03          3.52099E+08
     6      1      6      4              1009.56          1.55300E-02          3.52099E+08
     6      1      6      5              1042.44          9.28100E-03          3.52099E+08
     6      1      6      6              1074.88          2.22800E-03          3.52099E+08
     6      1      6      7              1106.52          1.89100E-04          3.52099E+08
     6      1      6      8              1136.90          1.94700E-06          3.52099E+08
     6      1      6      9              1165.47          1.20300E-07          3.52099E+08
     6      1      6     10              1191.55          6.80000E-10          3.52099E+08
     6      1      6     11              1214.26          3.67200E-11          3.52099E+08
     6      1      6     12              1232.53          3.00900E-11          3.52099E+08
     6      1      6     13              1244.95          2.19900E-09          3.52099E+08
     7      1      7      1               913.88          7.41200E-03          3.51507E+08
     7      1      7      2               946.47          1.65600E-05          3.51507E+08
     7      1      7      3               979.28          8.05700E-03          3.51507E+08
     7      1      7      4              1012.12          1.56500E-02          3.51507E+08
     7      1      7      5              1044.76          9.30800E-03          3.51507E+08
     7      1      7      6              1076.89          2.20000E-03          3.51507E+08
     7      1      7      7              1108.15          1.78300E-04          3.51507E+08
     7      1      7      8              1138.07          1.42000E-06          3.51507E+08
     7      1      7      9              1166.09          1.32400E-07          3.51507E+08
     7      1      7     10              1191.47          9.79700E-10          3.51507E+08
     7      1      7     11              1213.34          1.12900E-10          3.51507E+08
     7      1      7     12              1230.55          1.15500E-11          3.51507E+08
     7      1      7     13              1241.55          2.21300E-09          3.51507E+08
     8      1      8      1               917.30          7.46200E-03          3.50877E+08
     8      1      8      2               949.74          1.85100E-05          3.50877E+08
     8      1      8      3               982.37          8.11100E-03          3.50877E+08
     8      1      8      4              1014.98          1.57900E-02          3.50877E+08
     8      1      8      5              1047.32          9.34000E-03          3.50877E+08
     8      1      8      6              1079.10          2.16600E-03          3.50877E+08
     8      1      8      7              1109.93          1.65800E-04          3.50877E+08
     8      1      8      8              1139.32          9.33100E-07          3.50877E+08
     8      1      8      9              1166.69          1.44900E-07          3.50877E+08
     8      1      8     10              1191.28          1.21400E-09          3.50877E+08
     8      1      8     11              1212.16          5.05200E-10          3.50877E+08
     8      1      8     12              1228.11          3.82800E-11          3.50877E+08
     9      1      9      1               921.07          7.51000E-03          3.50220E+08
     9      1      9      2               953.35          2.13500E-05          3.50220E+08
     9      1      9      3               985.76          8.17500E-03          3.50220E+08
     9      1      9      4              1018.10          1.59600E-02          3.50220E+08
     9      1      9      5              1050.12          9.36300E-03          3.50220E+08
     9      1      9      6              1081.49          2.12700E-03          3.50220E+08
     9      1      9      7              1111.82          1.52900E-04          3.50220E+08
     9      1      9      8              1140.61          4.27400E-07          3.50220E+08
     9      1      9      9              1167.24          1.43000E-07          3.50220E+08
     9      1      9     10              1190.92          6.84900E-09          3.50220E+08
     9      1      9     11              1210.66          1.27400E-09          3.50220E+08
     9      1      9     12              1225.14          7.37800E-10          3.50220E+08
    10      1     10      1               925.17          7.57800E-03          3.49552E+08
    10      1     10      2               957.26          2.40300E-05          3.49552E+08
    10      1     10      3               989.44          8.24600E-03          3.49552E+08
    10      1     10      4              1021.48          1.61400E-02          3.49552E+08
    10      1     10      5              1053.13          9.39900E-03          3.49552E+08
    10      1     10      6              1084.04          2.08000E-03          3.49552E+08
    10      1     10      7              1113.81          1.36900E-04          3.49552E+08
    10      1     10      8              1141.92          1.51000E-07          3.49552E+08
    10      1     10      9              1167.70          1.49400E-07          3.49552E+08
    10      1     10     10              1190.35          6.93400E-09          3.49552E+08
    10      1     10     11              1208.78          1.35000E-10          3.49552E+08
    10      1     10     12              1221.49          3.61200E-10          3.49552E+08
     1      2      1      2               916.97          3.86700E-03          3.53948E+08
     1      2      1      3               949.09          5.04800E-03          3.53948E+08
     1      2      1      4               981.33          4.32600E-04          3.53948E+08
     1      2      1      5              1013.52          1.21900E-02          3.53948E+08
     1      2      1      6              1045.39          1.47100E-02          3.53948E+08
     1      2      1      7              1076.63          5.25000E-03          3.53948E+08
     1      2      1      8              1106.87          5.60700E-04          3.53948E+08
     1      2      1      9              1135.61          5.09000E-06          3.53948E+08
     1      2      1     10              1162.26          7.00600E-07          3.53948E+08
     1      2      1     11              1186.09          2.01000E-08          3.53948E+08
     1      2      1     12              1206.21          1.22400E-09          3.53948E+08
     1      2      1     13              1221.51          1.87900E-09          3.53948E+08
     1      2      1     14              1230.65          3.88200E-08          3.53948E+08
     2      2      2      2               917.88          3.86700E-03          3.53789E+08
     2      2      2      3               949.95          5.05300E-03          3.53789E+08
     2      2      2      4               982.15          4.35900E-04          3.53789E+08
     2      2      2      5              1014.27          1.22300E-02          3.53789E+08
     2      2      2      6              1046.06          1.47400E-02          3.53789E+08
     2      2      2      7              1077.21          5.23000E-03          3.53789E+08
     2      2      2      8              1107.33          5.49100E-04          3.53789E+08
     2      2      2      9              1135.93          4.56800E-06          3.53789E+08
     2      2      2     10              1162.40          7.05300E-07          3.53789E+08
     2      2      2     11              1186.02          1.74200E-08          3.53789E+08
     2      2      2     12              1205.87          3.29700E-10          3.53789E+08
     2      2      2     13              1220.84          1.23600E-09          3.53789E+08
     2      2      2     14              1229.55          1.56600E-08          3.53789E+08
     3      2      3      2               919.22          3.86500E-03          3.53560E+08
     3      2      3      3               951.23          5.06200E-03          3.53560E+08
     3      2      3      4               983.36          4.40400E-04          3.53560E+08
     3      2      3      5              1015.39          1.23000E-02          3.53560E+08
     3      2      3      6              1047.06          1.47800E-02          3.53560E+08
     3      2      3      7              1078.07          5.20000E-03          3.53560E+08
     3      2      3      8              1108.01          5.32500E-04          3.53560E+08
     3      2      3      9              1136.39          3.80000E-06          3.53560E+08
     3      2      3     10              1162.60          7.18000E-07          3.53560E+08
     3      2      3     11              1185.90          1.79000E-08          3.53560E+08
     3      2      3     12              1205.35          9.10300E-11          3.53560E+08
     3      2      3     13              1219.82          9.59900E-10          3.53560E+08
     3      2      3     14              1227.85          7.02800E-09          3.53560E+08
     4      2      4      2               920.99          3.86100E-03          3.53260E+08
     4      2      4      3               952.93          5.07600E-03          3.53260E+08
     4      2      4      4               984.95          4.46400E-04          3.53260E+08
     4      2      4      5              1016.86          1.24000E-02          3.53260E+08
     4      2      4      6              1048.38          1.48400E-02          3.53260E+08
     4      2      4      7              1079.19          5.15800E-03          3.53260E+08
     4      2      4      8              1108.90          5.10700E-04          3.53260E+08
     4      2      4      9              1136.99          2.87500E-06          3.53260E+08
     4      2      4     10              1162.84          7.33500E-07          3.53260E+08
     4      2      4     11              1185.70          2.08100E-08          3.53260E+08
     4      2      4     12              1204.62          3.87400E-11          3.53260E+08
     4      2      4     13              1218.40          9.84800E-10          3.53260E+08
     5      2      5      2               923.19          3.85600E-03          3.52900E+08
     5      2      5      3               955.02          5.09200E-03          3.52900E+08
     5      2      5      4               986.92          4.54000E-04          3.52900E+08
     5      2      5      5              1018.67          1.25200E-02          3.52900E+08
     5      2      5      6              1049.99          1.49100E-02          3.52900E+08
     5      2      5      7              1080.56          5.10500E-03          3.52900E+08
     5      2      5      8              1109.96          4.83400E-04          3.52900E+08
     5      2      5      9              1137.69          1.91400E-06          3.52900E+08
     5      2      5     10              1163.10          7.44200E-07          3.52900E+08
     5      2      5     11              1185.41          2.44900E-08          3.52900E+08
     5      2      5     12              1203.64          2.14800E-13          3.52900E+08
     5      2      5     13              1216.55          2.27000E-09          3.52900E+08
     6      2      6      2               925.78          3.84000E-03          3.52489E+08
     6      2      6      3               957.50          5.11800E-03          3.52489E+08
     6      2      6      4               989.24          4.62000E-04          3.52489E+08
     6      2      6      5              1020.79          1.26900E-02          3.52489E+08
     6      2      6      6              1051.88          1.49700E-02          3.52489E+08
     6      2      6      7              1082.15          5.03500E-03          3.52489E+08
     6      2      6      8              1111.20          4.54100E-04          3.52489E+08
     6      2      6      9              1138.48          8.97700E-07          3.52489E+08
     6      2      6     10              1163.34          7.37400E-07          3.52489E+08
     6      2      6     11              1184.98          5.20600E-08          3.52489E+08
     6      2      6     12              1202.38          5.08200E-09          3.52489E+08
     6      2      6     13              1214.20          8.31400E-09          3.52489E+08
