# Data for D+ transitions (P and R) 
#  Number of transitions: 679 
#  JU 	 VU 	 JL 	 VL 		 lambda [A] 		 osc strength f 		 Gamma [1/s]
     1      0      2      1               922.19          3.34334E-03          3.54793E+08
     1      0      0      1               919.33          2.37196E-02          3.54793E+08
     1      0      2      2               956.67          3.83937E-03          3.54793E+08
     1      0      0      2               953.76          2.91901E-02          3.54793E+08
     1      0      2      3               991.56          2.11832E-03          3.54793E+08
     1      0      0      3               988.60          1.90789E-02          3.54793E+08
     1      0      2      4              1026.70          5.43304E-04          3.54793E+08
     1      0      0      4              1023.70          7.21710E-03          3.54793E+08
     1      0      2      5              1061.85          4.57934E-05          3.54793E+08
     1      0      0      5              1058.83          1.63633E-03          3.54793E+08
     1      0      2      6              1096.75          1.56913E-08          3.54793E+08
     1      0      0      6              1093.74          2.28979E-04          3.54793E+08
     1      0      2      7              1131.04          1.32364E-06          3.54793E+08
     1      0      0      7              1128.06          1.69677E-05          3.54793E+08
     1      0      2      8              1164.29          1.86761E-07          3.54793E+08
     1      0      0      8              1161.38          2.70699E-07          3.54793E+08
     1      0      2      9              1195.95          5.68619E-09          3.54793E+08
     1      0      0      9              1193.15          5.33563E-09          3.54793E+08
     1      0      2     10              1225.33          2.40441E-09          3.54793E+08
     1      0      0     10              1222.72          2.75917E-11          3.54793E+08
     1      0      2     11              1251.61          8.79505E-09          3.54793E+08
     1      0      0     11              1249.24          9.48293E-08          3.54793E+08
     1      0      2     12              1273.74          9.70490E-09          3.54793E+08
     1      0      0     12              1271.73          9.55177E-08          3.54793E+08
     1      0      2     13              1290.45          5.50513E-10          3.54793E+08
     1      0      0     13              1288.92          2.22247E-09          3.54793E+08
     1      0      2     14              1300.18          3.21058E-12          3.54793E+08
     1      0      0     14              1299.34          1.44945E-10          3.54793E+08
     2      0      3      1               923.97          5.17161E-03          3.54427E+08
     2      0      1      1               919.23          1.04654E-02          3.54427E+08
     2      0      3      2               958.43          5.85713E-03          3.54427E+08
     2      0      1      2               953.59          1.31555E-02          3.54427E+08
     2      0      3      3               993.28          3.11428E-03          3.54427E+08
     2      0      1      3               988.37          9.09617E-03          3.54427E+08
     2      0      3      4              1028.36          7.20772E-04          3.54427E+08
     2      0      1      4              1023.39          3.86568E-03          3.54427E+08
     2      0      3      5              1063.44          3.82289E-05          3.54427E+08
     2      0      1      5              1058.44          1.06729E-03          3.54427E+08
     2      0      3      6              1098.24          3.08633E-06          3.54427E+08
     2      0      1      6              1093.25          2.00219E-04          3.54427E+08
     2      0      3      7              1132.40          4.38280E-06          3.54427E+08
     2      0      1      7              1127.47          2.33712E-05          3.54427E+08
     2      0      3      8              1165.48          4.07384E-07          3.54427E+08
     2      0      1      8              1160.67          9.32035E-07          3.54427E+08
     2      0      3      9              1196.93          4.88801E-09          3.54427E+08
     2      0      1      9              1192.31          2.01964E-09          3.54427E+08
     2      0      3     10              1226.04          4.22637E-09          3.54427E+08
     2      0      1     10              1221.73          7.88492E-09          3.54427E+08
     2      0      3     11              1251.98          4.14629E-13          3.54427E+08
     2      0      1     11              1248.09          4.46061E-10          3.54427E+08
     2      0      3     12              1273.68          1.81450E-10          3.54427E+08
     2      0      1     12              1270.38          5.11272E-11          3.54427E+08
     2      0      3     13              1289.84          3.52018E-11          3.54427E+08
     2      0      1     13              1287.37          9.34264E-13          3.54427E+08
     2      0      3     14              1298.83          7.15804E-12          3.54427E+08
     2      0      1     14              1297.53          3.37925E-12          3.54427E+08
     3      0      4      1               926.15          6.35364E-03          3.53875E+08
     3      0      2      1               919.56          7.37766E-03          3.53875E+08
     3      0      4      2               960.57          7.23029E-03          3.53875E+08
     3      0      2      2               953.85          9.58894E-03          3.53875E+08
     3      0      4      3               995.36          3.76726E-03          3.53875E+08
     3      0      2      3               988.53          6.92910E-03          3.53875E+08
     3      0      4      4              1030.35          7.85967E-04          3.53875E+08
     3      0      2      4              1023.44          3.17233E-03          3.53875E+08
     3      0      4      5              1065.32          2.65637E-05          3.53875E+08
     3      0      2      5              1058.37          1.04660E-03          3.53875E+08
     3      0      4      6              1099.96          9.04529E-06          3.53875E+08
     3      0      2      6              1093.04          2.47113E-04          3.53875E+08
     3      0      4      7              1133.93          1.10138E-05          3.53875E+08
     3      0      2      7              1127.10          2.88613E-05          3.53875E+08
     3      0      4      8              1166.77          1.19519E-06          3.53875E+08
     3      0      2      8              1160.11          8.85543E-07          3.53875E+08
     3      0      4      9              1197.91          3.34642E-07          3.53875E+08
     3      0      2      9              1191.54          1.55214E-07          3.53875E+08
     3      0      4     10              1226.65          6.32535E-09          3.53875E+08
     3      0      2     10              1220.70          1.71035E-08          3.53875E+08
     3      0      4     11              1252.11          4.72829E-07          3.53875E+08
     3      0      2     11              1246.78          8.89452E-07          3.53875E+08
     3      0      4     12              1273.23          2.56028E-07          3.53875E+08
     3      0      2     12              1268.73          1.01374E-06          3.53875E+08
     3      0      4     13              1288.63          6.03547E-09          3.53875E+08
     3      0      2     13              1285.31          1.21575E-08          3.53875E+08
     3      0      2     14              1294.97          3.43099E-09          3.53875E+08
     4      0      5      1               928.73          7.20038E-03          3.53059E+08
     4      0      3      1               920.33          6.01939E-03          3.53059E+08
     4      0      5      2               963.08          8.25671E-03          3.53059E+08
     4      0      3      2               954.52          7.78889E-03          3.53059E+08
     4      0      5      3               997.78          4.24340E-03          3.53059E+08
     4      0      3      3               989.09          5.83225E-03          3.53059E+08
     4      0      5      4              1032.65          8.39472E-04          3.53059E+08
     4      0      3      4              1023.86          2.89451E-03          3.53059E+08
     4      0      5      5              1067.46          1.91000E-05          3.53059E+08
     4      0      3      5              1058.63          1.05930E-03          3.53059E+08
     4      0      5      6              1101.90          1.90258E-05          3.53059E+08
     4      0      3      6              1093.11          2.94622E-04          3.53059E+08
     4      0      5      7              1135.62          1.59579E-05          3.53059E+08
     4      0      3      7              1126.95          4.44221E-05          3.53059E+08
     4      0      5      8              1168.14          1.11300E-06          3.53059E+08
     4      0      3      8              1159.71          1.47091E-06          3.53059E+08
     4      0      5      9              1198.89          1.75790E-07          3.53059E+08
     4      0      3      9              1190.83          1.10348E-07          3.53059E+08
     4      0      5     10              1227.14          1.76060E-08          3.53059E+08
     4      0      3     10              1219.65          2.33115E-09          3.53059E+08
     4      0      5     11              1252.00          1.79978E-07          3.53059E+08
     4      0      3     11              1245.31          4.61325E-07          3.53059E+08
     4      0      5     12              1272.36          1.55966E-07          3.53059E+08
     4      0      3     12              1266.78          2.22642E-07          3.53059E+08
     4      0      5     13              1286.79          1.64381E-08          3.53059E+08
     4      0      3     13              1282.77          2.34449E-09          3.53059E+08
     4      0      3     14              1291.66          4.95029E-09          3.53059E+08
     5      0      6      1               931.70          7.87653E-03          3.51905E+08
     5      0      4      1               921.54          5.26363E-03          3.51905E+08
     5      0      6      2               965.96          8.99617E-03          3.51905E+08
     5      0      4      2               955.61          6.70563E-03          3.51905E+08
     5      0      6      3              1000.54          4.64369E-03          3.51905E+08
     5      0      4      3               990.04          5.07586E-03          3.51905E+08
     5      0      6      4              1035.25          9.16459E-04          3.51905E+08
     5      0      4      4              1024.65          2.69309E-03          3.51905E+08
     5      0      6      5              1069.86          1.22503E-05          3.51905E+08
     5      0      4      5              1059.22          1.08630E-03          3.51905E+08
     5      0      6      6              1104.05          3.15947E-05          3.51905E+08
     5      0      4      6              1093.47          3.31745E-04          3.51905E+08
     5      0      6      7              1137.45          1.76793E-05          3.51905E+08
     5      0      4      7              1127.03          6.35091E-05          3.51905E+08
     5      0      6      8              1169.58          1.11895E-06          3.51905E+08
     5      0      4      8              1159.46          4.14253E-06          3.51905E+08
     5      0      6      9              1199.85          5.17215E-08          3.51905E+08
     5      0      4      9              1190.21          4.20254E-09          3.51905E+08
     5      0      6     10              1227.50          4.03691E-08          3.51905E+08
     5      0      4     10              1218.57          2.18160E-08          3.51905E+08
     5      0      6     11              1251.62          3.07483E-08          3.51905E+08
     5      0      4     11              1243.70          2.63416E-08          3.51905E+08
     5      0      6     12              1271.04          4.46540E-08          3.51905E+08
     5      0      4     12              1264.53          9.78721E-08          3.51905E+08
     5      0      6     13              1284.25          7.05528E-09          3.51905E+08
     5      0      4     13              1279.73          1.08597E-09          3.51905E+08
     6      0      7      1               935.04          8.27281E-03          3.50315E+08
     6      0      5      1               923.18          4.80172E-03          3.50315E+08
     6      0      7      2               969.19          9.62698E-03          3.50315E+08
     6      0      5      2               957.11          6.00135E-03          3.50315E+08
     6      0      7      3              1003.62          5.03568E-03          3.50315E+08
     6      0      5      3               991.38          4.50209E-03          3.50315E+08
     6      0      7      4              1038.14          9.78310E-04          3.50315E+08
     6      0      5      4              1025.79          2.46549E-03          3.50315E+08
     6      0      7      5              1072.50          8.89556E-06          3.50315E+08
     6      0      5      5              1060.13          1.10059E-03          3.50315E+08
     6      0      7      6              1106.39          4.27171E-05          3.50315E+08
     6      0      5      6              1094.10          3.83517E-04          3.50315E+08
     6      0      7      7              1139.41          2.32557E-05          3.50315E+08
     6      0      5      7              1127.33          8.21266E-05          3.50315E+08
     6      0      7      8              1171.07          1.29964E-06          3.50315E+08
     6      0      5      8              1159.37          6.19474E-06          3.50315E+08
     6      0      7      9              1200.75          1.18177E-07          3.50315E+08
     6      0      5      9              1189.66          8.68973E-09          3.50315E+08
     6      0      7     10              1227.69          2.39717E-08          3.50315E+08
     6      0      5     10              1217.47          7.80861E-08          3.50315E+08
     6      0      7     11              1250.92          1.33520E-09          3.50315E+08
     6      0      5     11              1241.94          1.17750E-11          3.50315E+08
     6      0      7     12              1269.22          9.98350E-10          3.50315E+08
     6      0      5     12              1261.96          2.57721E-09          3.50315E+08
     6      0      7     13              1280.93          2.38158E-10          3.50315E+08
     6      0      5     13              1276.16          1.16448E-11          3.50315E+08
     7      0      8      1               938.74          8.48175E-03          3.48103E+08
     7      0      6      1               925.25          4.60839E-03          3.48103E+08
     7      0      8      2               972.75          1.01337E-02          3.48103E+08
     7      0      6      2               959.03          5.49201E-03          3.48103E+08
     7      0      8      3              1007.00          5.41686E-03          3.48103E+08
     7      0      6      3               993.10          3.98648E-03          3.48103E+08
     7      0      8      4              1041.29          1.05588E-03          3.48103E+08
     7      0      6      4              1027.29          2.22650E-03          3.48103E+08
     7      0      8      5              1075.37          6.39301E-06          3.48103E+08
     7      0      6      5              1061.36          1.09224E-03          3.48103E+08
     7      0      8      6              1108.90          5.89164E-05          3.48103E+08
     7      0      6      6              1095.00          4.40289E-04          3.48103E+08
     7      0      8      7              1141.47          3.01580E-05          3.48103E+08
     7      0      6      7              1127.85          1.08148E-04          3.48103E+08
     7      0      8      8              1172.58          1.45746E-06          3.48103E+08
     7      0      6      8              1159.43          8.77644E-06          3.48103E+08
     7      0      8      9              1201.59          1.87430E-07          3.48103E+08
     7      0      6      9              1189.17          1.05091E-08          3.48103E+08
     7      0      8     10              1227.69          6.30144E-08          3.48103E+08
     7      0      6     10              1216.32          1.19819E-07          3.48103E+08
     7      0      8     11              1249.88          9.02842E-10          3.48103E+08
     7      0      6     11              1240.00          2.57651E-09          3.48103E+08
     7      0      8     12              1266.85          9.14720E-10          3.48103E+08
     7      0      6     12              1259.06          3.39519E-10          3.48103E+08
     7      0      6     13              1272.03          3.62349E-11          3.48103E+08
     8      0      9      1               942.78          8.48388E-03          3.44803E+08
     8      0      7      1               927.73          4.62974E-03          3.44803E+08
     8      0      9      2               976.63          1.05057E-02          3.44803E+08
     8      0      7      2               961.34          5.13287E-03          3.44803E+08
     8      0      9      3              1010.68          5.81926E-03          3.44803E+08
     8      0      7      3               995.20          3.46019E-03          3.44803E+08
     8      0      9      4              1044.70          1.15025E-03          3.44803E+08
     8      0      7      4              1029.14          1.92780E-03          3.44803E+08
     8      0      9      5              1078.44          3.55322E-06          3.44803E+08
     8      0      7      5              1062.90          1.06806E-03          3.44803E+08
     8      0      9      6              1111.56          8.31880E-05          3.44803E+08
     8      0      7      6              1096.17          5.13428E-04          3.44803E+08
     8      0      9      7              1143.62          4.07290E-05          3.44803E+08
     8      0      7      7              1128.58          1.48320E-04          3.44803E+08
     8      0      9      8              1174.10          1.78182E-06          3.44803E+08
     8      0      7      8              1159.63          1.37590E-05          3.44803E+08
     8      0      9      9              1202.33          4.01993E-07          3.44803E+08
     8      0      7      9              1188.73          4.12023E-08          3.44803E+08
     8      0      9     10              1227.47          1.21986E-07          3.44803E+08
     8      0      7     10              1215.13          1.98132E-07          3.44803E+08
     8      0      9     11              1248.46          1.14999E-08          3.44803E+08
     8      0      7     11              1237.88          6.63592E-09          3.44803E+08
     8      0      9     12              1263.86          1.07228E-08          3.44803E+08
     8      0      7     12              1255.79          2.61328E-08          3.44803E+08
     8      0      7     13              1267.26          4.83248E-10          3.44803E+08
     9      0     10      0               913.82          2.34609E-03          3.39380E+08
     9      0     10      1               947.17          8.18488E-03          3.39380E+08
     9      0      8      1               930.63          4.95248E-03          3.39380E+08
     9      0     10      2               980.83          1.06947E-02          3.39380E+08
     9      0      8      2               964.04          4.84070E-03          3.39380E+08
     9      0     10      3              1014.63          6.25552E-03          3.39380E+08
     9      0      8      3               997.68          2.83774E-03          3.39380E+08
     9      0     10      4              1048.36          1.27785E-03          3.39380E+08
     9      0      8      4              1031.32          1.53736E-03          3.39380E+08
     9      0     10      5              1081.72          6.54954E-07          3.39380E+08
     9      0      8      5              1064.74          1.00921E-03          3.39380E+08
     9      0     10      6              1114.36          1.30919E-04          3.39380E+08
     9      0      8      6              1097.60          6.27436E-04          3.39380E+08
     9      0     10      7              1145.84          5.76041E-05          3.39380E+08
     9      0      8      7              1129.50          2.26600E-04          3.39380E+08
     9      0     10      8              1175.61          2.44694E-06          3.39380E+08
     9      0      8      8              1159.96          2.36604E-05          3.39380E+08
     9      0     10      9              1202.96          7.10328E-07          3.39380E+08
     9      0      8      9              1188.34          2.00204E-07          3.39380E+08
     9      0     10     10              1227.00          4.86582E-07          3.39380E+08
     9      0      8     10              1213.86          3.59060E-07          3.39380E+08
     9      0     10     11              1246.60          2.57091E-07          3.39380E+08
     9      0      8     11              1235.55          2.55401E-08          3.39380E+08
     9      0     10     12              1260.12          1.78014E-07          3.39380E+08
     9      0      8     12              1252.13          6.29845E-07          3.39380E+08
    10      0     11      0               918.71          1.87635E-03          3.28219E+08
    10      0     11      1               951.90          7.18565E-03          3.28219E+08
    10      0      9      1               933.95          5.67304E-03          3.28219E+08
    10      0     11      2               985.35          1.05392E-02          3.28219E+08
    10      0      9      2               967.16          4.58547E-03          3.28219E+08
    10      0     11      3              1018.88          6.76601E-03          3.28219E+08
    10      0      9      3              1000.53          1.97564E-03          3.28219E+08
    10      0     11      4              1052.27          1.41467E-03          3.28219E+08
    10      0      9      4              1033.87          9.33392E-04          3.28219E+08
    10      0     11      5              1085.20          8.64811E-07          3.28219E+08
    10      0      9      5              1066.90          8.99340E-04          3.28219E+08
    10      0     11      6              1117.32          2.33898E-04          3.28219E+08
    10      0      9      6              1099.30          8.56087E-04          3.28219E+08
    10      0     11      7              1148.16          1.09301E-04          3.28219E+08
    10      0      9      7              1130.65          3.90259E-04          3.28219E+08
    10      0     11      8              1177.12          2.68006E-06          3.28219E+08
    10      0      9      8              1160.44          4.72485E-05          3.28219E+08
    10      0     11      9              1203.47          2.85804E-06          3.28219E+08
    10      0      9      9              1188.01          2.06908E-07          3.28219E+08
    10      0     11     10              1226.28          5.60724E-07          3.28219E+08
    10      0      9     10              1212.55          1.43952E-06          3.28219E+08
    10      0     11     11              1244.27          4.93665E-09          3.28219E+08
    10      0      9     11              1233.02          2.73906E-08          3.28219E+08
    10      0      9     12              1248.04          2.79953E-09          3.28219E+08
    11      0     12      0               924.05          9.32781E-04          2.98978E+08
    11      0     12      1               957.06          4.76529E-03          2.98978E+08
    11      0     10      1               937.79          7.17425E-03          2.98978E+08
    11      0     12      2               990.29          9.03787E-03          2.98978E+08
    11      0     10      2               970.77          4.01553E-03          2.98978E+08
    11      0     12      3              1023.53          7.05158E-03          2.98978E+08
    11      0     10      3              1003.88          6.97748E-04          2.98978E+08
    11      0     12      4              1056.54          1.58889E-03          2.98978E+08
    11      0     10      4              1036.88          1.61447E-04          2.98978E+08
    11      0     12      5              1089.01          2.25021E-05          2.98978E+08
    11      0     10      5              1069.50          6.26692E-04          2.98978E+08
    11      0     12      6              1120.55          5.21247E-04          2.98978E+08
    11      0     10      6              1101.40          1.33691E-03          2.98978E+08
    11      0     12      7              1150.67          2.37238E-04          2.98978E+08
    11      0     10      7              1132.15          8.52627E-04          2.98978E+08
    11      0     12      8              1178.75          3.12819E-06          2.98978E+08
    11      0     10      8              1161.20          1.20293E-04          2.98978E+08
    11      0     12      9              1204.00          1.10212E-05          2.98978E+08
    11      0     10      9              1187.87          9.70877E-07          2.98978E+08
    11      0     12     10              1225.40          1.86752E-06          2.98978E+08
    11      0     10     10              1211.31          5.56584E-06          2.98978E+08
    11      0     12     11              1241.54          5.81109E-11          2.98978E+08
    11      0     10     11              1230.40          9.54035E-08          2.98978E+08
    11      0     10     12              1243.58          8.65427E-08          2.98978E+08
    12      0     13      0               928.12          4.78612E-03          2.96595E+08
    12      0     13      1               960.82          1.05182E-02          2.96595E+08
    12      0     11      1               940.37          6.15362E-07          2.96595E+08
    12      0     13      2               993.67          6.89338E-03          2.96595E+08
    12      0     11      2               973.00          2.11529E-03          2.96595E+08
    12      0     13      3              1026.47          1.39420E-03          2.96595E+08
    12      0     11      3              1005.68          7.32821E-03          2.96595E+08
    12      0     13      4              1058.94          1.28300E-04          2.96595E+08
    12      0     11      4              1038.19          6.19785E-03          2.96595E+08
    12      0     13      5              1090.77          2.29145E-04          2.96595E+08
    12      0     11      5              1070.24          9.44762E-04          2.96595E+08
    12      0     13      6              1121.54          5.67140E-04          2.96595E+08
    12      0     11      6              1101.47          2.62069E-04          2.96595E+08
    12      0     13      7              1150.74          3.01163E-04          2.96595E+08
    12      0     11      7              1131.42          8.91350E-04          2.96595E+08
    12      0     13      8              1177.71          3.97468E-06          2.96595E+08
    12      0     11      8              1159.53          2.30304E-04          2.96595E+08
    12      0     13      9              1201.62          3.07568E-05          2.96595E+08
    12      0     11      9              1185.10          1.27896E-06          2.96595E+08
    12      0     13     10              1221.34          8.54596E-06          2.96595E+08
    12      0     11     10              1207.21          1.88703E-05          2.96595E+08
    12      0     11     11              1224.64          9.76530E-07          2.96595E+08
    13      0     14      0               934.09          4.45313E-03          3.25449E+08
    13      0     12      0               912.76          4.09682E-05          3.25449E+08
    13      0     14      1               966.58          1.16043E-02          3.25449E+08
    13      0     12      1               944.95          7.02509E-04          3.25449E+08
    13      0     14      2               999.15          1.01706E-02          3.25449E+08
    13      0     12      2               977.33          3.25609E-03          3.25449E+08
    13      0     14      3              1031.58          3.47330E-03          3.25449E+08
    13      0     12      3              1009.69          6.06655E-03          3.25449E+08
    13      0     14      4              1063.60          4.74252E-04          3.25449E+08
    13      0     12      4              1041.80          4.79465E-03          3.25449E+08
    13      0     14      5              1094.86          1.02565E-04          3.25449E+08
    13      0     12      5              1073.36          1.18793E-03          3.25449E+08
    13      0     14      6              1124.93          1.50305E-04          3.25449E+08
    13      0     12      6              1103.99          2.21658E-06          3.25449E+08
    13      0     14      7              1153.26          9.10638E-05          3.25449E+08
    13      0     12      7              1133.21          2.64222E-04          3.25449E+08
    13      0     14      8              1179.14          1.02599E-07          3.25449E+08
    13      0     12      8              1160.43          9.24594E-05          3.25449E+08
    13      0     14      9              1201.66          2.41709E-05          3.25449E+08
    13      0     12      9              1184.89          1.61918E-06          3.25449E+08
    13      0     14     10              1219.57          7.84152E-06          3.25449E+08
    13      0     12     10              1205.62          1.54943E-05          3.25449E+08
    13      0     12     11              1221.24          1.22887E-06          3.25449E+08
     1      1      2      2               936.77          1.81125E-05          3.54138E+08
     1      1      0      2               933.97          3.30944E-05          3.54138E+08
     1      1      2      3               970.20          1.69005E-03          3.54138E+08
     1      1      0      3               967.36          1.51133E-02          3.54138E+08
     1      1      2      4              1003.81          3.59790E-03          3.54138E+08
     1      1      0      4              1000.94          2.93218E-02          3.54138E+08
     1      1      2      5              1037.39          1.93441E-03          3.54138E+08
     1      1      0      5              1034.51          1.62502E-02          3.54138E+08
     1      1      2      6              1070.67          4.13589E-04          3.54138E+08
     1      1      0      6              1067.80          4.62163E-03          3.54138E+08
     1      1      2      7              1103.33          2.25686E-05          3.54138E+08
     1      1      0      7              1100.49          9.42312E-04          3.54138E+08
     1      1      2      8              1134.94          1.07814E-05          3.54138E+08
     1      1      0      8              1132.18          2.23509E-05          3.54138E+08
     1      1      2      9              1165.00          2.17085E-06          3.54138E+08
     1      1      0      9              1162.35          8.38775E-07          3.54138E+08
     1      1      2     10              1192.87          3.76752E-06          3.54138E+08
     1      1      0     10              1190.39          2.90277E-05          3.54138E+08
     1      1      2     11              1217.76          1.18938E-06          3.54138E+08
     1      1      0     11              1215.52          1.38375E-05          3.54138E+08
     1      1      2     12              1238.70          2.55365E-06          3.54138E+08
     1      1      0     12              1236.80          8.02162E-06          3.54138E+08
     1      1      2     13              1254.50          3.64135E-05          3.54138E+08
     1      1      0     13              1253.05          4.03756E-04          3.54138E+08
     1      1      2     14              1263.69          2.14083E-06          3.54138E+08
     1      1      0     14              1262.90          1.37068E-05          3.54138E+08
     2      1      3      2               938.55          2.00943E-05          3.51354E+08
     2      1      1      2               933.91          3.94926E-08          3.51354E+08
     2      1      3      3               971.95          2.44007E-03          3.51354E+08
     2      1      1      3               967.24          7.37644E-03          3.51354E+08
     2      1      3      4              1005.51          5.19974E-03          3.51354E+08
     2      1      1      4              1000.75          1.30181E-02          3.51354E+08
     2      1      3      5              1039.02          3.09681E-03          3.51354E+08
     2      1      1      5              1034.25          7.80617E-03          3.51354E+08
     2      1      3      6              1072.21          5.66386E-04          3.51354E+08
     2      1      1      6              1067.46          2.38316E-03          3.51354E+08
     2      1      3      7              1104.75          3.44210E-06          3.51354E+08
     2      1      1      7              1100.06          4.96002E-04          3.51354E+08
     2      1      3      8              1136.21          1.75104E-05          3.51354E+08
     2      1      1      8              1131.64          8.16502E-05          3.51354E+08
     2      1      3      9              1166.08          3.44994E-06          3.51354E+08
     2      1      1      9              1161.70          5.98887E-06          3.51354E+08
     2      1      3     10              1193.69          2.53072E-07          3.51354E+08
     2      1      1     10              1189.60          4.43883E-08          3.51354E+08
     2      1      3     11              1218.26          1.66846E-07          3.51354E+08
     2      1      1     11              1214.58          4.52031E-07          3.51354E+08
     2      1      3     12              1238.80          9.61907E-09          3.51354E+08
     2      1      1     12              1235.69          9.23096E-10          3.51354E+08
     2      1      3     13              1254.09          4.25341E-08          3.51354E+08
     2      1      1     13              1251.75          2.22016E-07          3.51354E+08
     2      1      3     14              1262.58          2.42519E-09          3.51354E+08
     2      1      1     14              1261.35          6.98891E-09          3.51354E+08
     3      1      4      2               940.74          3.80556E-05          3.47866E+08
     3      1      2      2               934.29          5.88958E-06          3.47866E+08
     3      1      4      3               974.08          2.80499E-03          3.47866E+08
     3      1      2      3               967.54          5.86906E-03          3.47866E+08
     3      1      4      4              1007.57          6.32316E-03          3.47866E+08
     3      1      2      4              1000.96          9.56672E-03          3.47866E+08
     3      1      4      5              1040.98          3.82368E-03          3.47866E+08
     3      1      2      5              1034.35          5.50869E-03          3.47866E+08
     3      1      4      6              1074.04          6.35014E-04          3.47866E+08
     3      1      2      6              1067.44          1.82339E-03          3.47866E+08
     3      1      4      7              1106.40          1.39391E-07          3.47866E+08
     3      1      2      7              1099.89          5.29304E-04          3.47866E+08
     3      1      4      8              1137.64          4.36740E-05          3.47866E+08
     3      1      2      8              1131.31          1.40490E-04          3.47866E+08
     3      1      4      9              1167.23          6.87027E-06          3.47866E+08
     3      1      2      9              1161.17          1.50396E-05          3.47866E+08
     3      1      4     10              1194.50          6.99035E-07          3.47866E+08
     3      1      2     10              1188.86          1.47888E-07          3.47866E+08
     3      1      4     11              1218.63          4.92616E-07          3.47866E+08
     3      1      2     11              1213.57          9.57694E-07          3.47866E+08
     3      1      4     12              1238.62          9.57983E-09          3.47866E+08
     3      1      2     12              1234.37          1.26346E-08          3.47866E+08
     3      1      4     13              1253.20          2.20757E-08          3.47866E+08
     3      1      2     13              1250.06          1.03721E-07          3.47866E+08
     3      1      2     14              1259.19          3.13089E-09          3.47866E+08
     4      1      5      2               943.35          6.86271E-05          3.41443E+08
     4      1      3      2               935.13          2.84130E-05          3.41443E+08
     4      1      5      3               976.61          2.86492E-03          3.41443E+08
     4      1      3      3               968.28          5.40200E-03          3.41443E+08
     4      1      5      4              1010.00          7.06256E-03          3.41443E+08
     4      1      3      4              1001.59          7.75251E-03          3.41443E+08
     4      1      5      5              1043.27          4.44920E-03          3.41443E+08
     4      1      3      5              1034.83          4.05248E-03          3.41443E+08
     4      1      5      6              1076.15          6.77573E-04          3.41443E+08
     4      1      3      6              1067.76          1.42711E-03          3.41443E+08
     4      1      5      7              1108.28          1.05701E-05          3.41443E+08
     4      1      3      7              1100.02          5.99586E-04          3.41443E+08
     4      1      5      8              1139.24          9.05927E-05          3.41443E+08
     4      1      3      8              1131.21          2.43982E-04          3.41443E+08
     4      1      5      9              1168.46          1.20515E-05          3.41443E+08
     4      1      3      9              1160.81          3.44246E-05          3.41443E+08
     4      1      5     10              1195.28          1.82183E-06          3.41443E+08
     4      1      3     10              1188.17          4.18267E-07          3.41443E+08
     4      1      5     11              1218.85          1.44551E-06          3.41443E+08
     4      1      3     11              1212.51          1.98536E-06          3.41443E+08
     4      1      5     12              1238.13          8.62614E-10          3.41443E+08
     4      1      3     12              1232.86          8.25657E-08          3.41443E+08
     4      1      5     13              1251.80          2.70490E-08          3.41443E+08
     4      1      3     13              1247.99          3.19695E-08          3.41443E+08
     4      1      3     14              1256.41          1.40988E-10          3.41443E+08
     5      1      6      1               913.48          2.66261E-03          3.28529E+08
     5      1      6      2               946.39          1.29874E-04          3.28529E+08
     5      1      4      2               936.45          9.11085E-05          3.28529E+08
     5      1      6      3               979.56          2.55085E-03          3.28529E+08
     5      1      4      3               969.49          5.46225E-03          3.28529E+08
     5      1      6      4              1012.80          7.38973E-03          3.28529E+08
     5      1      4      4              1002.65          6.37837E-03          3.28529E+08
     5      1      6      5              1045.90          5.02304E-03          3.28529E+08
     5      1      4      5              1035.73          2.65018E-03          3.28529E+08
     5      1      6      6              1078.56          7.16602E-04          3.28529E+08
     5      1      4      6              1068.45          9.56395E-04          3.28529E+08
     5      1      6      7              1110.41          4.81316E-05          3.28529E+08
     5      1      4      7              1100.48          6.87902E-04          3.28529E+08
     5      1      6      8              1141.01          1.83910E-04          3.28529E+08
     5      1      4      8              1131.38          4.33454E-04          3.28529E+08
     5      1      6      9              1169.80          2.04190E-05          3.28529E+08
     5      1      4      9              1160.64          7.51785E-05          3.28529E+08
     5      1      6     10              1196.07          5.35354E-06          3.28529E+08
     5      1      4     10              1187.59          8.55382E-07          3.28529E+08
     5      1      6     11              1218.95          3.38094E-06          3.28529E+08
     5      1      4     11              1211.45          5.67406E-06          3.28529E+08
     5      1      6     12              1237.37          1.24369E-08          3.28529E+08
     5      1      4     12              1231.20          1.58631E-07          3.28529E+08
     5      1      6     13              1249.89          3.02237E-09          3.28529E+08
     5      1      4     13              1245.60          5.27472E-08          3.28529E+08
     6      1      7      1               917.09          1.94364E-03          3.01024E+08
     6      1      7      2               949.92          2.45015E-04          3.01024E+08
     6      1      5      2               938.32          2.51864E-04          3.01024E+08
     6      1      7      3               982.97          1.70915E-03          3.01024E+08
     6      1      5      3               971.23          5.90842E-03          3.01024E+08
     6      1      7      4              1016.06          6.87626E-03          3.01024E+08
     6      1      5      4              1004.23          4.88766E-03          3.01024E+08
     6      1      7      5              1048.96          5.44095E-03          3.01024E+08
     6      1      5      5              1037.12          1.12424E-03          3.01024E+08
     6      1      7      6              1081.35          7.41607E-04          3.01024E+08
     6      1      5      6              1069.61          3.71386E-04          3.01024E+08
     6      1      7      7              1112.87          1.42846E-04          3.01024E+08
     6      1      5      7              1101.35          7.46518E-04          3.01024E+08
     6      1      7      8              1143.06          3.63300E-04          3.01024E+08
     6      1      5      8              1131.91          7.91538E-04          3.01024E+08
     6      1      7      9              1171.32          3.34780E-05          3.01024E+08
     6      1      5      9              1160.76          1.67954E-04          3.01024E+08
     6      1      7     10              1196.94          1.66571E-05          3.01024E+08
     6      1      5     10              1187.22          2.56868E-06          3.01024E+08
     6      1      7     11              1219.01          9.22937E-06          3.01024E+08
     6      1      5     11              1210.47          1.55251E-05          3.01024E+08
     6      1      7     12              1236.38          2.03764E-08          3.01024E+08
     6      1      5     12              1229.49          5.12092E-07          3.01024E+08
     6      1      7     13              1247.49          1.22917E-09          3.01024E+08
     6      1      5     13              1242.96          6.36875E-08          3.01024E+08
     8      1      9      1               923.75          5.30829E-03          3.08486E+08
     8      1      9      2               956.23          6.77716E-05          3.08486E+08
     8      1      7      2               941.56          3.26255E-04          3.08486E+08
     8      1      9      3               988.84          6.25166E-03          3.08486E+08
     8      1      7      3               974.02          2.21009E-04          3.08486E+08
     8      1      9      4              1021.39          6.28627E-03          3.08486E+08
     8      1      7      4              1006.51          3.93734E-03          3.08486E+08
     8      1      9      5              1053.62          1.33103E-03          3.08486E+08
     8      1      7      5              1038.77          7.48546E-03          3.08486E+08
     8      1      9      6              1085.20          8.88207E-05          3.08486E+08
     8      1      7      6              1070.53          3.94974E-03          3.08486E+08
     8      1      9      7              1115.74          1.24844E-04          3.08486E+08
     8      1      7      7              1101.42          2.09702E-04          3.08486E+08
     8      1      9      8              1144.74          2.17613E-04          3.08486E+08
     8      1      7      8              1130.98          2.73659E-04          3.08486E+08
     8      1      9      9              1171.56          2.17358E-05          3.08486E+08
     8      1      7      9              1158.64          2.04631E-04          3.08486E+08
     8      1      9     10              1195.41          4.13737E-05          3.08486E+08
     8      1      7     10              1183.70          2.21761E-06          3.08486E+08
     8      1      9     11              1215.31          3.32901E-05          3.08486E+08
     8      1      7     11              1205.28          4.70455E-05          3.08486E+08
     8      1      9     12              1229.89          5.25260E-07          3.08486E+08
     8      1      7     12              1222.26          5.16862E-06          3.08486E+08
     8      1      7     13              1233.11          2.69198E-08          3.08486E+08
     9      1     10      1               928.36          5.53911E-03          3.21760E+08
     9      1      8      1               912.46          9.94173E-04          3.21760E+08
     9      1     10      2               960.67          8.27287E-06          3.21760E+08
     9      1      8      2               944.56          1.28253E-04          3.21760E+08
     9      1     10      3               993.08          6.27835E-03          3.21760E+08
     9      1      8      3               976.83          7.21626E-04          3.21760E+08
     9      1     10      4              1025.36          7.94572E-03          3.21760E+08
     9      1      8      4              1009.06          4.21448E-03          3.21760E+08
     9      1     10      5              1057.25          2.26826E-03          3.21760E+08
     9      1      8      5              1041.03          6.32584E-03          3.21760E+08
     9      1     10      6              1088.42          1.45870E-04          3.21760E+08
     9      1      8      6              1072.42          3.51801E-03          3.21760E+08
     9      1     10      7              1118.43          3.42453E-05          3.21760E+08
     9      1      8      7              1102.86          3.97694E-04          3.21760E+08
     9      1     10      8              1146.77          7.98927E-05          3.21760E+08
     9      1      8      8              1131.87          7.44045E-05          3.21760E+08
     9      1     10      9              1172.78          6.57907E-06          3.21760E+08
     9      1      8      9              1158.88          1.12987E-04          3.21760E+08
     9      1     10     10              1195.62          4.50752E-05          3.21760E+08
     9      1      8     10              1183.14          3.07509E-06          3.21760E+08
     9      1     10     11              1214.22          4.12283E-05          3.21760E+08
     9      1      8     11              1203.74          5.08681E-05          3.21760E+08
     9      1     10     12              1227.05          1.39355E-06          3.21760E+08
     9      1      8     12              1219.47          8.78142E-06          3.21760E+08
    10      1     11      1               933.24          5.34845E-03          3.19133E+08
    10      1      9      1               915.98          1.43986E-03          3.19133E+08
    10      1     11      2               965.37          3.52119E-06          3.19133E+08
    10      1      9      2               947.90          2.24056E-05          3.19133E+08
    10      1     11      3               997.54          5.90208E-03          3.19133E+08
    10      1      9      3               979.94          1.30679E-03          3.19133E+08
    10      1     11      4              1029.51          8.93942E-03          3.19133E+08
    10      1      9      4              1011.90          4.03969E-03          3.19133E+08
    10      1     11      5              1061.02          2.97402E-03          3.19133E+08
    10      1      9      5              1043.52          4.90829E-03          3.19133E+08
    10      1     11      6              1091.70          1.51757E-04          3.19133E+08
    10      1      9      6              1074.49          2.98889E-03          3.19133E+08
    10      1     11      7              1121.12          3.80850E-07          3.19133E+08
    10      1      9      7              1104.43          5.97620E-04          3.19133E+08
    10      1     11      8              1148.72          2.17221E-05          3.19133E+08
    10      1      9      8              1132.83          5.15329E-06          3.19133E+08
    10      1     11      9              1173.80          9.63181E-07          3.19133E+08
    10      1      9      9              1159.09          6.87713E-05          3.19133E+08
    10      1     11     10              1195.49          8.12552E-05          3.19133E+08
    10      1      9     10              1182.43          6.23625E-06          3.19133E+08
    10      1     11     11              1212.58          1.03170E-04          3.19133E+08
    10      1      9     11              1201.89          9.90393E-05          3.19133E+08
    10      1      9     12              1216.16          3.62588E-05          3.19133E+08
     1      2      2      2               918.73          9.89997E-04          3.51967E+08
     1      2      0      2               916.04          6.61367E-03          3.51967E+08
     1      2      2      3               950.87          1.22623E-03          3.51967E+08
     1      2      0      3               948.14          8.90803E-03          3.51967E+08
     1      2      2      4               983.13          1.41951E-04          3.51967E+08
     1      2      0      4               980.38          6.20307E-04          3.51967E+08
     1      2      2      5              1015.31          2.96378E-03          3.51967E+08
     1      2      0      5              1012.55          2.14252E-02          3.51967E+08
     1      2      2      6              1047.17          3.00377E-03          3.51967E+08
     1      2      0      6              1044.43          2.85411E-02          3.51967E+08
     1      2      2      7              1078.39          7.98252E-04          3.51967E+08
     1      2      0      7              1075.68          1.17671E-02          3.51967E+08
     1      2      2      8              1108.58          5.66707E-05          3.51967E+08
     1      2      0      8              1105.94          1.49576E-03          3.51967E+08
     1      2      2      9              1137.24          3.05000E-06          3.51967E+08
     1      2      0      9              1134.71          5.05639E-06          3.51967E+08
     1      2      2     10              1163.78          1.01850E-06          3.51967E+08
     1      2      0     10              1161.42          1.36779E-05          3.51967E+08
     1      2      2     11              1187.45          1.09504E-06          3.51967E+08
     1      2      0     11              1185.33          2.33604E-06          3.51967E+08
     1      2      2     12              1207.35          4.88199E-06          3.51967E+08
     1      2      0     12              1205.55          1.14999E-05          3.51967E+08
     1      2      2     13              1222.36          7.26083E-07          3.51967E+08
     1      2      0     13              1220.99          2.00130E-06          3.51967E+08
     1      2      2     14              1231.09          2.44200E-09          3.51967E+08
     1      2      0     14              1230.33          9.21092E-08          3.51967E+08
     2      2      3      2               920.46          1.48178E-03          3.48778E+08
     2      2      1      2               916.00          2.92722E-03          3.48778E+08
     2      2      3      3               952.56          1.85395E-03          3.48778E+08
     2      2      1      3               948.04          3.97114E-03          3.48778E+08
     2      2      3      4               984.78          2.19747E-04          3.48778E+08
     2      2      1      4               980.22          2.44310E-04          3.48778E+08
     2      2      3      5              1016.90          4.47964E-03          3.48778E+08
     2      2      1      5              1012.33          9.53321E-03          3.48778E+08
     2      2      3      6              1048.67          4.35553E-03          3.48778E+08
     2      2      1      6              1044.12          1.36164E-02          3.48778E+08
     2      2      3      7              1079.78          1.03125E-03          3.48778E+08
     2      2      1      7              1075.29          6.29696E-03          3.48778E+08
     2      2      3      8              1109.82          5.34635E-05          3.48778E+08
     2      2      1      8              1105.45          9.43681E-04          3.48778E+08
     2      2      3      9              1138.29          3.58269E-06          3.48778E+08
     2      2      1      9              1134.12          2.94462E-06          3.48778E+08
     2      2      3     10              1164.59          2.22003E-06          3.48778E+08
     2      2      1     10              1160.70          1.54276E-05          3.48778E+08
     2      2      3     11              1187.97          3.86396E-06          3.48778E+08
     2      2      1     11              1184.47          3.17167E-06          3.48778E+08
     2      2      3     12              1207.49          1.53598E-05          3.48778E+08
     2      2      1     12              1204.53          2.22875E-05          3.48778E+08
     2      2      3     13              1222.00          2.47950E-06          3.48778E+08
     2      2      1     13              1219.78          5.05148E-06          3.48778E+08
     2      2      3     14              1230.07          2.40135E-09          3.48778E+08
     2      2      1     14              1228.90          3.21149E-08          3.48778E+08
     3      2      4      2               922.61          1.71919E-03          3.44904E+08
     3      2      2      2               916.41          2.23129E-03          3.44904E+08
     3      2      4      3               954.66          2.23796E-03          3.44904E+08
     3      2      2      3               948.38          2.89098E-03          3.44904E+08
     3      2      4      4               986.80          2.49570E-04          3.44904E+08
     3      2      2      4               980.47          1.89546E-04          3.44904E+08
     3      2      4      5              1018.83          5.40012E-03          3.44904E+08
     3      2      2      5              1012.48          6.94784E-03          3.44904E+08
     3      2      4      6              1050.47          5.22667E-03          3.44904E+08
     3      2      2      6              1044.16          1.02179E-02          3.44904E+08
     3      2      4      7              1081.41          1.14052E-03          3.44904E+08
     3      2      2      7              1075.19          5.12981E-03          3.44904E+08
     3      2      4      8              1111.24          3.59219E-05          3.44904E+08
     3      2      2      8              1105.20          9.09969E-04          3.44904E+08
     3      2      4      9              1139.45          1.63410E-06          3.44904E+08
     3      2      2      9              1133.68          7.69038E-06          3.44904E+08
     3      2      4     10              1165.42          2.45390E-06          3.44904E+08
     3      2      2     10              1160.05          1.66778E-05          3.44904E+08
     3      2      4     11              1188.38          9.95913E-06          3.44904E+08
     3      2      2     11              1183.57          4.14689E-06          3.44904E+08
     3      2      4     12              1207.38          3.40028E-05          3.44904E+08
     3      2      2     12              1203.34          4.35305E-05          3.44904E+08
     3      2      4     13              1221.23          6.87876E-06          3.44904E+08
     3      2      2     13              1218.25          1.38348E-05          3.44904E+08
     3      2      2     14              1226.92          1.19698E-07          3.44904E+08
     4      2      5      2               925.19          1.73345E-03          3.38739E+08
     4      2      3      2               917.28          2.06033E-03          3.38739E+08
     4      2      5      3               957.17          2.46075E-03          3.38739E+08
     4      2      3      3               949.16          2.42708E-03          3.38739E+08
     4      2      5      4               989.21          2.27495E-04          3.38739E+08
     4      2      3      4               981.14          2.14081E-04          3.38739E+08
     4      2      5      5              1021.10          5.94982E-03          3.38739E+08
     4      2      3      5              1013.03          5.87387E-03          3.38739E+08
     4      2      5      6              1052.58          5.92995E-03          3.38739E+08
     4      2      3      6              1044.55          8.25625E-03          3.38739E+08
     4      2      5      7              1083.30          1.22174E-03          3.38739E+08
     4      2      3      7              1075.41          4.35400E-03          3.38739E+08
     4      2      5      8              1112.86          1.63570E-05          3.38739E+08
     4      2      3      8              1105.20          9.55568E-04          3.38739E+08
     4      2      5      9              1140.73          1.62945E-07          3.38739E+08
     4      2      3      9              1133.44          2.30603E-05          3.38739E+08
     4      2      5     10              1166.28          1.39057E-06          3.38739E+08
     4      2      3     10              1159.51          1.41910E-05          3.38739E+08
     4      2      5     11              1188.71          2.20793E-05          3.38739E+08
     4      2      3     11              1182.68          7.65896E-06          3.38739E+08
     4      2      5     12              1207.04          8.64395E-05          3.38739E+08
     4      2      3     12              1202.03          8.96874E-05          3.38739E+08
     4      2      5     13              1220.03          2.48621E-05          3.38739E+08
     4      2      3     13              1216.41          4.45728E-05          3.38739E+08
     4      2      3     14              1224.40          6.64254E-07          3.38739E+08
     5      2      6      2               928.23          1.39608E-03          3.20837E+08
     5      2      4      2               918.67          2.27075E-03          3.20837E+08
     5      2      6      3               960.12          2.40883E-03          3.20837E+08
     5      2      4      3               950.44          2.16368E-03          3.20837E+08
     5      2      6      4               992.04          1.31823E-04          3.20837E+08
     5      2      4      4               982.30          3.63240E-04          3.20837E+08
     5      2      6      5              1023.77          5.85455E-03          3.20837E+08
     5      2      4      5              1014.03          5.34137E-03          3.20837E+08
     5      2      6      6              1055.04          6.46637E-03          3.20837E+08
     5      2      4      6              1045.37          6.20476E-03          3.20837E+08
     5      2      6      7              1085.50          1.31089E-03          3.20837E+08
     5      2      4      7              1076.00          3.21514E-03          3.20837E+08
     5      2      6      8              1114.73          3.93062E-07          3.20837E+08
     5      2      4      8              1105.53          9.92717E-04          3.20837E+08
     5      2      6      9              1142.18          1.53204E-05          3.20837E+08
     5      2      4      9              1133.45          8.50388E-05          3.20837E+08
     5      2      6     10              1167.21          7.27060E-09          3.20837E+08
     5      2      4     10              1159.14          5.56815E-06          3.20837E+08
     5      2      6     11              1189.00          7.05354E-05          3.20837E+08
     5      2      4     11              1181.85          1.97837E-05          3.20837E+08
     5      2      6     12              1206.51          3.40625E-04          3.20837E+08
     5      2      4     12              1200.64          2.84697E-04          3.20837E+08
     5      2      6     13              1218.41          1.90030E-04          3.20837E+08
     5      2      4     13              1214.34          2.76621E-04          3.20837E+08
