# H_2^+ X ^2Sigma_g+ (12/28/2001, Phillip C. Stancil)       UGAMOP database
# P. C. Stancil, ApJ 430, 360 (1994)
# 423 total levels
# Computed with the Born-Oppenheimer potential
# of Powers
# Adopted H_2^+ reduced mass = 918.326326*m_e
# ------------------------------------------------- 
# H2+ binding energies for the X ^2Sigma^+_g state
# v J      -Energy (a.u.) 
 0  0     .973967E-01
 0  1     .971313E-01
 0  2     .966026E-01
 0  3     .958148E-01
 0  4     .947740E-01
 0  5     .934882E-01
 0  6     .919669E-01
 0  7     .902210E-01
 0  8     .882627E-01
 0  9     .861051E-01
 0 10     .837618E-01
 0 11     .812471E-01
 0 12     .785755E-01
 0 13     .757616E-01
 0 14     .728198E-01
 0 15     .697645E-01
 0 16     .666096E-01
 0 17     .633686E-01
 0 18     .600546E-01
 0 19     .566801E-01
 0 20     .532571E-01
 0 21     .497970E-01
 0 22     .463107E-01
 0 23     .428083E-01
 0 24     .392997E-01
 0 25     .357940E-01
 0 26     .322999E-01
 0 27     .288258E-01
 0 28     .253795E-01
 0 29     .219687E-01
 0 30     .186007E-01
 0 31     .152826E-01
 0 32     .120214E-01
 0 33     .882421E-02
 0 34     .569824E-02
 0 35     .265107E-02
 1  0     .874104E-01
 1  1     .871590E-01
 1  2     .866581E-01
 1  3     .859119E-01
 1  4     .849261E-01
 1  5     .837085E-01
 1  6     .822680E-01
 1  7     .806152E-01
 1  8     .787618E-01
 1  9     .767201E-01
 1 10     .745034E-01
 1 11     .721252E-01
 1 12     .695994E-01
 1 13     .669400E-01
 1 14     .641608E-01
 1 15     .612756E-01
 1 16     .582976E-01
 1 17     .552400E-01
 1 18     .521153E-01
 1 19     .489355E-01
 1 20     .457123E-01
 1 21     .424567E-01
 1 22     .391793E-01
 1 23     .358900E-01
 1 24     .325986E-01
 1 25     .293140E-01
 1 26     .260452E-01
 1 27     .228004E-01
 1 28     .195878E-01
 1 29     .164154E-01
 1 30     .132910E-01
 1 31     .102224E-01
 1 32     .721763E-02
 1 33     .428510E-02
 1 34     .143394E-02
 2  0     .780041E-01
 2  1     .777662E-01
 2  2     .772923E-01
 2  3     .765862E-01
 2  4     .756536E-01
 2  5     .745018E-01
 2  6     .731395E-01
 2  7     .715768E-01
 2  8     .698247E-01
 2  9     .678953E-01
 2 10     .658012E-01
 2 11     .635554E-01
 2 12     .611711E-01
 2 13     .586618E-01
 2 14     .560407E-01
 2 15     .533211E-01
 2 16     .505158E-01
 2 17     .476373E-01
 2 18     .446978E-01
 2 19     .417090E-01
 2 20     .386821E-01
 2 21     .356280E-01
 2 22     .325569E-01
 2 23     .294788E-01
 2 24     .264033E-01
 2 25     .233395E-01
 2 26     .202964E-01
 2 27     .172827E-01
 2 28     .143068E-01
 2 29     .113775E-01
 2 30     .850344E-02
 2 31     .569370E-02
 2 32     .295811E-02
 2 33     .307670E-03
 3  0     .691586E-01
 3  1     .689338E-01
 3  2     .684859E-01
 3  3     .678188E-01
 3  4     .669378E-01
 3  5     .658499E-01
 3  6     .645635E-01
 3  7     .630882E-01
 3  8     .614348E-01
 3  9     .596146E-01
 3 10     .576398E-01
 3 11     .555229E-01
 3 12     .532766E-01
 3 13     .509139E-01
 3 14     .484474E-01
 3 15     .458900E-01
 3 16     .432540E-01
 3 17     .405515E-01
 3 18     .377944E-01
 3 19     .349940E-01
 3 20     .321614E-01
 3 21     .293071E-01
 3 22     .264415E-01
 3 23     .235744E-01
 3 24     .207156E-01
 3 25     .178743E-01
 3 26     .150600E-01
 3 27     .122818E-01
 3 28     .954918E-02
 3 29     .687182E-02
 3 30     .426015E-02
 3 31     .172562E-02
 4  0     .608576E-01
 4  1     .606455E-01
 4  2     .602231E-01
 4  3     .595940E-01
 4  4     .587632E-01
 4  5     .577376E-01
 4  6     .565253E-01
 4  7     .551354E-01
 4  8     .535782E-01
 4  9     .518648E-01
 4 10     .500067E-01
 4 11     .480160E-01
 4 12     .459051E-01
 4 13     .436862E-01
 4 14     .413718E-01
 4 15     .389741E-01
 4 16     .365051E-01
 4 17     .339767E-01
 4 18     .314004E-01
 4 19     .287874E-01
 4 20     .261484E-01
 4 21     .234942E-01
 4 22     .208349E-01
 4 23     .181807E-01
 4 24     .155415E-01
 4 25     .129273E-01
 4 26     .103480E-01
 4 27     .781384E-02
 4 28     .533583E-02
 4 29     .292577E-02
 4 30     .597278E-03
 5  0     .530878E-01
 5  1     .528882E-01
 5  2     .524907E-01
 5  3     .518987E-01
 5  4     .511172E-01
 5  5     .501527E-01
 5  6     .490129E-01
 5  7     .477068E-01
 5  8     .462441E-01
 5  9     .446356E-01
 5 10     .428923E-01
 5 11     .410260E-01
 5 12     .390485E-01
 5 13     .369717E-01
 5 14     .348077E-01
 5 15     .325684E-01
 5 16     .302654E-01
 5 17     .279105E-01
 5 18     .255148E-01
 5 19     .230895E-01
 5 20     .206454E-01
 5 21     .181932E-01
 5 22     .157434E-01
 5 23     .133066E-01
 5 24     .108932E-01
 5 25     .851409E-02
 5 26     .618059E-02
 5 27     .390490E-02
 5 28     .170077E-02
 6  0     .458388E-01
 6  1     .456515E-01
 6  2     .452785E-01
 6  3     .447231E-01
 6  4     .439901E-01
 6  5     .430857E-01
 6  6     .420175E-01
 6  7     .407939E-01
 6  8     .394246E-01
 6  9     .379197E-01
 6 10     .362902E-01
 6 11     .345471E-01
 6 12     .327020E-01
 6 13     .307666E-01
 6 14     .287524E-01
 6 15     .266713E-01
 6 16     .245346E-01
 6 17     .223539E-01
 6 18     .201403E-01
 6 19     .179050E-01
 6 20     .156591E-01
 6 21     .134134E-01
 6 22     .111791E-01
 6 23     .896743E-02
 6 24     .679012E-02
 6 25     .465969E-02
 6 26     .258997E-02
 6 27     .597119E-03
 7  0     .391030E-01
 7  1     .389279E-01
 7  2     .385791E-01
 7  3     .380599E-01
 7  4     .373750E-01
 7  5     .365302E-01
 7  6     .355330E-01
 7  7     .343914E-01
 7  8     .331149E-01
 7  9     .317131E-01
 7 10     .301968E-01
 7 11     .285767E-01
 7 12     .268640E-01
 7 13     .250702E-01
 7 14     .232067E-01
 7 15     .212849E-01
 7 16     .193163E-01
 7 17     .173123E-01
 7 18     .152842E-01
 7 19     .132435E-01
 7 20     .112015E-01
 7 21     .917004E-02
 7 22     .716109E-02
 7 23     .518744E-02
 7 24     .326305E-02
 7 25     .140385E-02
 8  0     .328759E-01
 8  1     .327129E-01
 8  2     .323883E-01
 8  3     .319052E-01
 8  4     .312681E-01
 8  5     .304829E-01
 8  6     .295565E-01
 8  7     .284969E-01
 8  8     .273131E-01
 8  9     .260148E-01
 8 10     .246121E-01
 8 11     .231157E-01
 8 12     .215366E-01
 8 13     .198859E-01
 8 14     .181750E-01
 8 15     .164153E-01
 8 16     .146183E-01
 8 17     .127957E-01
 8 18     .109590E-01
 8 19     .912034E-02
 8 20     .729198E-02
 8 21     .548693E-02
 8 22     .371921E-02
 8 23     .200460E-02
 8 24     .361906E-03
 9  0     .271560E-01
 9  1     .270051E-01
 9  2     .267047E-01
 9  3     .262578E-01
 9  4     .256689E-01
 9  5     .249434E-01
 9  6     .240883E-01
 9  7     .231113E-01
 9  8     .220211E-01
 9  9     .208272E-01
 9 10     .195396E-01
 9 11     .181688E-01
 9 12     .167255E-01
 9 13     .152209E-01
 9 14     .136664E-01
 9 15     .120736E-01
 9 16     .104541E-01
 9 17     .882021E-02
 9 18     .718427E-02
 9 19     .555943E-02
 9 20     .395975E-02
 9 21     .240086E-02
 9 22     .901013E-03
10  0     .219450E-01
10  1     .218063E-01
10  2     .215304E-01
10  3     .211202E-01
10  4     .205799E-01
10  5     .199150E-01
10  6     .191322E-01
10  7     .182391E-01
10  8     .172442E-01
10  9     .161568E-01
10 10     .149868E-01
10 11     .137447E-01
10 12     .124411E-01
10 13     .110875E-01
10 14     .969535E-02
10 15     .827665E-02
10 16     .684385E-02
10 17     .541005E-02
10 18     .398926E-02
10 19     .259692E-02
10 20     .125081E-02
11  0     .172481E-01
11  1     .171220E-01
11  2     .168711E-01
11  3     .164982E-01
11  4     .160076E-01
11  5     .154047E-01
11  6     .146959E-01
11  7     .138888E-01
11  8     .129918E-01
11  9     .120142E-01
11 10     .109658E-01
11 11     .985720E-02
11 12     .869936E-02
11 13     .750390E-02
11 14     .628297E-02
11 15     .504947E-02
11 16     .381719E-02
11 17     .260132E-02
11 18     .141917E-02
11 19     .291843E-03
12  0     .130746E-01
12  1     .129613E-01
12  2     .127361E-01
12  3     .124018E-01
12  4     .119625E-01
12  5     .114235E-01
12  6     .107913E-01
12  7     .100734E-01
12  8     .927823E-02
12  9     .841517E-02
12 10     .749425E-02
12 11     .652628E-02
12 12     .552281E-02
12 13     .449625E-02
12 14     .345997E-02
12 15     .242875E-02
12 16     .141939E-02
12 17     .452161E-03
13  0     .943777E-02
13  1     .933785E-02
13  2     .913941E-02
13  3     .884523E-02
13  4     .845939E-02
13  5     .798724E-02
13  6     .743529E-02
13  7     .681116E-02
13  8     .612348E-02
13  9     .538183E-02
13 10     .459676E-02
13 11     .377982E-02
13 12     .294369E-02
13 13     .210250E-02
13 14     .127240E-02
13 15     .472903E-03
14  0     .635581E-02
14  1     .627000E-02
14  2     .609978E-02
14  3     .584796E-02
14  4     .551870E-02
14  5     .511745E-02
14  6     .465091E-02
14  7     .412697E-02
14  8     .355471E-02
14  9     .294441E-02
14 10     .230767E-02
14 11     .165768E-02
14 12     .100974E-02
14 13     .382574E-03
15  0     .385236E-02
15  1     .378164E-02
15  2     .364164E-02
15  3     .343528E-02
15  4     .316689E-02
15  5     .284220E-02
15  6     .246835E-02
15  7     .205388E-02
15  8     .160889E-02
15  9     .114525E-02
15 10     .677178E-03
15 11     .222559E-03
16  0     .195679E-02
16  1     .190251E-02
16  2     .179551E-02
16  3     .163894E-02
16  4     .143752E-02
16  5     .119760E-02
16  6     .927325E-03
16  7     .636845E-03
16  8     .339008E-03
16  9     .511137E-04
17  0     .702396E-03
17  1     .666467E-03
17  2     .596411E-03
17  3     .495886E-03
17  4     .370559E-03
17  5     .228460E-03
17  6     .809433E-04
18  0     .107389E-03
18  1     .918968E-04
18  2     .631989E-04
18  3     .262276E-04
19  0     .326001E-05
19  1     .927014E-06
