# Data for C+ transitions (P and R) 
#  Number of transitions: 608 
#  JU 	 VU 	 JL 	 VL 		 lambda [A] 		 osc strength f 		 Gamma [1/s]
     2      0      1      3              1144.27          3.99000E-02          1.18000E+09
    17      0     18      1              1144.45          5.09000E-02          1.09000E+09
     3      0      2      3              1144.49          3.23000E-02          1.18000E+09
     1      0      0      3              1144.56          7.84000E-02          1.18000E+09
     4      0      3      3              1145.23          2.88000E-02          1.18000E+09
    11      0     12      2              1145.32          3.56000E-02          1.15000E+09
    16      0     15      2              1145.74          3.66000E-02          1.11000E+09
    22      0     23      0              1146.15          1.95000E-02          1.06000E+09
     5      0      4      3              1146.50          2.59000E-02          1.17000E+09
    22      0     21      1              1146.98          2.19000E-02          1.06000E+09
     6      0      5      3              1148.49          7.84000E-03          1.16000E+09
     1      0      2      3              1148.54          7.33000E-03          1.18000E+09
     7      0      6      3              1150.36          2.83000E-02          1.17000E+09
     2      0      3      3              1150.86          1.03000E-02          1.18000E+09
    12      0     13      2              1151.64          3.99000E-02          1.14000E+09
    17      0     16      2              1151.92          2.73000E-02          1.09000E+09
    18      0     19      1              1152.29          4.92000E-02          1.10000E+09
     8      0      7      3              1153.06          2.68000E-02          1.16000E+09
     3      0      4      3              1153.65          1.20000E-02          1.18000E+09
    23      0     22      1              1154.72          2.39000E-02          1.06000E+09
    23      0     24      0              1155.13          2.16000E-02          1.06000E+09
     9      0      8      3              1156.20          2.55000E-02          1.16000E+09
     4      0      5      3              1156.91          1.31000E-02          1.18000E+09
    13      0     14      2              1158.04          2.80000E-02          1.13000E+09
    18      0     17      2              1158.21          3.73000E-02          1.10000E+09
    10      0      9      3              1159.37          2.20000E-02          1.13000E+09
    19      0     20      1              1160.48          4.15000E-02          9.59000E+08
     5      0      6      3              1160.60          1.39000E-02          1.17000E+09
    24      0     23      1              1162.56          2.52000E-02          1.05000E+09
    11      0     10      3              1163.53          2.68000E-02          1.15000E+09
    24      0     25      0              1164.17          2.25000E-02          1.05000E+09
    14      0     15      2              1164.87          3.96000E-02          1.13000E+09
    19      0     18      2              1164.92          6.98000E-03          9.59000E+08
     6      0      7      3              1164.95          1.03000E-02          1.16000E+09
    12      0     11      3              1167.81          2.61000E-02          1.14000E+09
    20      0     21      1              1168.41          5.15000E-02          1.08000E+09
     7      0      8      3              1169.05          1.38000E-02          1.17000E+09
    25      0     24      1              1170.49          2.80000E-02          1.04000E+09
    20      0     19      2              1171.42          3.76000E-02          1.08000E+09
    15      0     16      2              1171.89          4.49000E-02          1.10000E+09
    13      0     12      3              1172.22          2.50000E-02          1.13000E+09
    25      0     26      0              1173.26          2.45000E-02          1.04000E+09
     8      0      9      3              1173.89          1.46000E-02          1.16000E+09
    21      0     22      1              1176.57          5.01000E-02          1.07000E+09
    14      0     13      3              1177.17          2.66000E-02          1.13000E+09
    21      0     20      2              1178.20          4.04000E-02          1.07000E+09
    16      0     17      2              1178.84          4.07000E-02          1.11000E+09
     9      0     10      3              1179.03          1.47000E-02          1.16000E+09
    15      0     14      3              1182.38          2.50000E-02          1.10000E+09
    10      0     11      3              1184.08          1.21000E-02          1.13000E+09
    22      0     23      1              1184.81          5.53000E-02          1.06000E+09
    22      0     21      2              1185.11          3.68000E-02          1.06000E+09
    17      0     18      2              1186.07          4.49000E-02          1.09000E+09
    16      0     15      3              1187.57          2.65000E-02          1.11000E+09
    11      0     12      3              1190.01          1.60000E-02          1.15000E+09
     2      0      1      4              1191.47          1.19000E-02          1.18000E+09
     3      0      2      4              1191.55          1.01000E-02          1.18000E+09
    23      0     22      2              1192.05          4.02000E-02          1.06000E+09
     4      0      3      4              1192.12          9.75000E-03          1.18000E+09
    23      0     24      1              1193.04          5.41000E-02          1.06000E+09
    17      0     16      3              1193.14          2.77000E-02          1.09000E+09
     5      0      4      4              1193.17          1.05000E-02          1.17000E+09
    18      0     19      2              1193.29          4.27000E-02          1.10000E+09
     6      0      5      4              1194.94          1.70000E-02          1.16000E+09
    12      0     13      3              1195.92          1.54000E-02          1.14000E+09
     7      0      6      4              1196.49          6.65000E-03          1.17000E+09
     2      0      3      4              1198.21          2.87000E-03          1.18000E+09
    18      0     17      3              1198.75          2.65000E-02          1.10000E+09
     8      0      7      4              1198.87          8.12000E-03          1.16000E+09
    24      0     23      2              1199.02          4.18000E-02          1.05000E+09
    19      0     20      2              1200.83          3.24000E-02          9.59000E+08
    24      0     25      1              1201.25          5.42000E-02          1.05000E+09
     9      0      8      4              1201.63          9.55000E-03          1.16000E+09
    13      0     14      3              1201.83          1.86000E-02          1.13000E+09
     4      0      5      4              1204.05          3.10000E-03          1.18000E+09
    19      0     18      3              1204.74          2.43000E-02          9.59000E+08
    25      0     24      2              1206.01          4.38000E-02          1.04000E+09
    20      0     21      2              1208.00          4.49000E-02          1.08000E+09
    11      0     10      4              1208.10          7.16000E-03          1.15000E+09
    14      0     15      3              1208.14          1.70000E-02          1.13000E+09
    25      0     26      1              1209.44          5.00000E-02          1.04000E+09
    20      0     19      3              1210.44          2.70000E-02          1.08000E+09
    12      0     11      4              1211.87          9.03000E-03          1.14000E+09
    15      0     16      3              1214.58          1.07000E-02          1.10000E+09
    21      0     22      2              1215.35          4.51000E-02          1.07000E+09
     7      0      8      4              1215.53          5.28000E-03          1.17000E+09
    13      0     12      4              1215.73          3.22000E-03          1.13000E+09
    21      0     20      3              1216.36          2.54000E-02          1.07000E+09
     8      0      9      4              1220.04          4.23000E-03          1.16000E+09
    14      0     13      4              1220.08          7.62000E-03          1.13000E+09
    16      0     17      3              1220.87          1.82000E-02          1.11000E+09
    22      0     21      3              1222.34          2.89000E-02          1.06000E+09
    22      0     23      2              1222.70          4.65000E-02          1.06000E+09
    15      0     14      4              1224.63          1.25000E-02          1.10000E+09
     9      0     10      4              1224.81          3.32000E-03          1.16000E+09
    17      0     18      3              1227.39          1.34000E-02          1.09000E+09
    23      0     22      3              1228.26          2.71000E-02          1.06000E+09
    16      0     15      4              1229.11          7.10000E-03          1.11000E+09
    10      0     11      4              1229.40          1.19000E-02          1.13000E+09
    23      0     24      2              1229.95          4.75000E-02          1.06000E+09
    18      0     19      3              1233.81          1.87000E-02          1.10000E+09
    17      0     16      4              1233.89          9.99000E-03          1.09000E+09
    24      0     23      3              1234.12          2.63000E-02          1.05000E+09
    11      0     12      4              1234.87          5.04000E-03          1.15000E+09
    24      0     25      2              1237.10          4.84000E-02          1.05000E+09
    18      0     17      4              1238.66          7.11000E-03          1.10000E+09
    25      0     24      3              1239.89          2.27000E-02          1.04000E+09
    12      0     13      4              1240.23          3.85000E-03          1.14000E+09
     6      0      5      5              1241.79          3.62000E-03          1.16000E+09
    19      0     18      4              1243.74          9.69000E-03          9.59000E+08
    25      0     26      2              1244.11          4.95000E-02          1.04000E+09
    13      0     14      4              1245.52          7.32000E-03          1.13000E+09
    20      0     21      3              1246.71          1.84000E-02          1.08000E+09
    20      0     19      4              1248.42          7.19000E-03          1.08000E+09
    14      0     15      4              1251.15          4.60000E-03          1.13000E+09
    21      0     22      3              1253.01          1.98000E-02          1.07000E+09
    21      0     20      4              1253.26          6.73000E-03          1.07000E+09
    22      0     21      4              1258.05          6.88000E-03          1.06000E+09
    22      0     23      3              1259.22          1.65000E-02          1.06000E+09
    16      0     17      4              1262.28          4.50000E-03          1.11000E+09
    23      0     22      4              1262.67          6.62000E-03          1.06000E+09
    23      0     24      3              1265.21          1.78000E-02          1.06000E+09
    24      0     23      4              1267.11          6.44000E-03          1.05000E+09
    17      0     18      4              1267.89          3.50000E-03          1.09000E+09
    24      0     25      3              1270.97          1.75000E-02          1.05000E+09
    25      0     24      4              1271.30          6.76000E-03          1.04000E+09
    18      0     19      4              1273.30          3.94000E-03          1.10000E+09
    25      0     26      3              1276.44          1.74000E-02          1.04000E+09
    20      0     21      4              1283.88          3.28000E-03          1.08000E+09
     6      0      5      6              1288.65          3.95000E-03          1.16000E+09
    22      0     23      4              1293.58          2.82000E-03          1.06000E+09
    10      0      9      6              1294.09          5.23000E-03          1.13000E+09
     6      0      7      6              1305.74          5.30000E-03          1.16000E+09
    10      0     11      6              1319.13          2.96000E-03          1.13000E+09
    10      0      9      8              1379.66          4.61000E-03          1.13000E+09
     6      0      5      8              1380.18          6.25000E-03          1.16000E+09
     6      0      7      8              1396.79          5.59000E-03          1.16000E+09
    10      0     11      9              1440.92          3.77000E-03          1.13000E+09
    12      1     11      3              1140.40          5.21000E-03          1.05000E+09
    24      1     23      1              1142.06          1.38000E-02          1.04000E+09
    24      1     25      0              1143.61          2.95000E-02          1.04000E+09
     8      1      9      3              1144.35          2.97000E-02          1.14000E+09
    13      1     12      3              1144.78          1.50000E-02          1.11000E+09
    20      1     21      1              1145.12          2.08000E-02          9.99000E+08
    15      1     16      2              1145.23          3.29000E-03          1.10000E+09
     9      1     10      3              1149.85          3.20000E-02          1.09000E+09
    14      1     13      3              1150.00          1.18000E-02          1.10000E+09
    25      1     24      1              1150.43          1.51000E-02          1.03000E+09
    16      1     17      2              1152.64          2.98000E-03          1.09000E+09
    25      1     26      0              1153.10          3.03000E-02          1.03000E+09
    21      1     22      1              1153.49          1.71000E-02          1.06000E+09
    10      1     11      3              1154.91          2.68000E-02          1.13000E+09
    15      1     14      3              1155.24          1.63000E-02          1.10000E+09
     2      1      1      4              1159.70          6.60000E-02          1.16000E+09
     3      1      2      4              1159.91          5.06000E-02          1.16000E+09
    17      1     18      2              1159.98          3.40000E-03          1.09000E+09
     1      1      0      4              1160.00          1.34000E-01          1.16000E+09
     4      1      3      4              1160.65          3.93000E-02          1.15000E+09
    11      1     12      3              1160.80          3.22000E-02          1.12000E+09
    16      1     15      3              1160.99          1.29000E-02          1.09000E+09
     5      1      4      4              1161.39          5.01000E-02          1.12000E+09
    22      1     23      1              1162.05          1.54000E-02          1.05000E+09
    22      1     21      2              1162.34          9.62000E-04          1.05000E+09
     6      1      5      4              1163.32          4.77000E-02          1.15000E+09
     1      1      2      4              1163.85          1.37000E-02          1.16000E+09
     7      1      6      4              1165.48          4.28000E-02          1.15000E+09
     2      1      3      4              1166.09          1.98000E-02          1.16000E+09
    17      1     16      3              1166.74          1.71000E-02          1.09000E+09
    12      1     13      3              1167.19          3.57000E-02          1.05000E+09
    18      1     19      2              1167.64          3.43000E-03          1.08000E+09
     8      1      7      4              1168.07          3.80000E-02          1.14000E+09
     3      1      4      4              1168.79          2.38000E-02          1.16000E+09
    23      1     24      1              1170.82          2.07000E-02          9.37000E+08
     9      1      8      4              1171.33          1.71000E-02          1.09000E+09
     4      1      5      4              1171.96          2.77000E-02          1.15000E+09
    18      1     17      3              1172.87          1.31000E-02          1.08000E+09
    13      1     14      3              1173.00          3.08000E-02          1.11000E+09
    10      1      9      4              1174.21          4.39000E-02          1.13000E+09
     5      1      6      4              1175.04          7.45000E-03          1.12000E+09
    19      1     20      2              1175.24          3.67000E-03          1.07000E+09
    11      1     10      4              1178.00          3.91000E-02          1.12000E+09
    19      1     18      3              1178.99          1.71000E-02          1.07000E+09
     6      1      7      4              1179.22          2.31000E-02          1.15000E+09
    24      1     25      1              1179.37          1.72000E-02          1.04000E+09
    14      1     15      3              1179.55          3.73000E-02          1.10000E+09
    12      1     11      4              1182.38          1.68000E-02          1.05000E+09
    20      1     21      2              1183.12          3.82000E-03          9.99000E+08
     7      1      8      4              1183.53          2.67000E-02          1.15000E+09
    20      1     19      3              1185.46          7.04000E-03          9.99000E+08
    15      1     16      3              1185.97          3.00000E-02          1.10000E+09
    13      1     12      4              1186.23          4.23000E-02          1.11000E+09
    25      1     26      1              1188.03          1.61000E-02          1.03000E+09
     8      1      9      4              1188.16          2.90000E-02          1.14000E+09
    21      1     22      2              1190.74          4.32000E-03          1.06000E+09
    14      1     13      4              1190.92          3.69000E-02          1.10000E+09
    21      1     20      3              1191.71          1.72000E-02          1.06000E+09
    16      1     17      3              1192.78          3.79000E-02          1.09000E+09
     9      1     10      4              1193.35          2.74000E-02          1.09000E+09
    15      1     14      4              1195.55          4.30000E-02          1.10000E+09
    10      1     11      4              1197.99          2.72000E-02          1.13000E+09
    22      1     21      3              1198.13          2.02000E-02          1.05000E+09
    22      1     23      2              1198.48          4.40000E-03          1.05000E+09
    17      1     18      3              1199.47          3.23000E-02          1.09000E+09
    16      1     15      4              1200.65          4.02000E-02          1.09000E+09
    11      1     12      4              1203.44          2.99000E-02          1.12000E+09
    23      1     22      3              1204.73          6.90000E-03          9.37000E+08
     2      1      1      5              1204.92          3.64000E-02          1.16000E+09
     3      1      2      5              1204.98          3.06000E-02          1.16000E+09
     1      1      0      5              1205.32          6.94000E-02          1.16000E+09
     4      1      3      5              1205.54          2.91000E-02          1.15000E+09
    17      1     16      4              1205.68          4.27000E-02          1.09000E+09
     5      1      4      5              1206.01          1.04000E-02          1.12000E+09
    23      1     24      2              1206.35          6.06000E-03          9.37000E+08
    18      1     19      3              1206.41          4.04000E-02          1.08000E+09
     6      1      5      5              1207.68          2.31000E-02          1.15000E+09
    12      1     13      4              1209.37          2.26000E-02          1.05000E+09
     7      1      6      5              1209.52          2.50000E-02          1.15000E+09
    18      1     17      4              1211.04          4.16000E-02          1.08000E+09
    24      1     23      3              1211.04          2.05000E-02          1.04000E+09
     2      1      3      5              1211.40          8.20000E-03          1.16000E+09
     8      1      7      5              1211.76          2.64000E-02          1.14000E+09
    19      1     20      3              1213.21          3.76000E-02          1.07000E+09
    24      1     25      2              1213.91          6.17000E-03          1.04000E+09
     3      1      4      5              1213.99          8.81000E-03          1.16000E+09
    13      1     14      4              1214.58          3.10000E-02          1.11000E+09
     9      1      8      5              1214.62          2.75000E-02          1.09000E+09
    19      1     18      4              1216.32          4.31000E-02          1.07000E+09
     4      1      5      5              1216.99          7.79000E-03          1.15000E+09
    10      1      9      5              1217.00          2.16000E-02          1.13000E+09
    25      1     24      3              1217.40          2.34000E-02          1.03000E+09
     5      1      6      5              1219.82          1.46000E-02          1.12000E+09
    20      1     21      3              1220.22          4.29000E-02          9.99000E+08
    11      1     10      5              1220.29          2.52000E-02          1.12000E+09
    14      1     15      4              1220.51          3.06000E-02          1.10000E+09
    25      1     26      2              1221.47          6.87000E-03          1.03000E+09
    20      1     19      4              1221.87          3.80000E-02          9.99000E+08
     6      1      7      5              1223.76          1.28000E-02          1.15000E+09
    12      1     11      5              1224.13          2.88000E-02          1.05000E+09
    15      1     16      4              1226.23          3.35000E-02          1.10000E+09
    21      1     22      3              1226.87          4.31000E-02          1.06000E+09
    21      1     20      4              1227.10          4.47000E-02          1.06000E+09
    13      1     12      5              1227.32          2.18000E-02          1.11000E+09
     7      1      8      5              1227.75          1.15000E-02          1.15000E+09
    14      1     13      5              1231.33          2.65000E-02          1.10000E+09
     8      1      9      5              1232.00          9.88000E-03          1.14000E+09
    16      1     17      4              1232.29          3.25000E-02          1.09000E+09
    22      1     21      4              1232.42          4.39000E-02          1.05000E+09
    22      1     23      3              1233.54          4.35000E-02          1.05000E+09
    15      1     14      5              1235.19          1.88000E-02          1.10000E+09
    23      1     22      4              1237.82          4.30000E-02          9.37000E+08
    17      1     18      4              1238.12          3.65000E-02          1.09000E+09
    16      1     15      5              1239.48          2.43000E-02          1.09000E+09
    23      1     24      3              1240.26          4.13000E-02          9.37000E+08
    10      1     11      5              1240.87          1.44000E-02          1.13000E+09
    24      1     23      4              1242.79          4.82000E-02          1.04000E+09
    17      1     16      5              1243.61          1.83000E-02          1.09000E+09
    18      1     19      4              1244.14          3.32000E-02          1.08000E+09
    11      1     12      5              1245.75          1.14000E-02          1.12000E+09
    24      1     25      3              1246.51          5.11000E-02          1.04000E+09
    25      1     24      4              1247.67          4.84000E-02          1.03000E+09
    18      1     17      5              1248.00          2.35000E-02          1.08000E+09
    19      1     20      4              1249.91          3.80000E-02          1.07000E+09
     2      1      1      6              1250.23          6.81000E-03          1.16000E+09
     4      1      3      6              1250.45          6.69000E-03          1.15000E+09
    12      1     13      5              1251.06          1.98000E-03          1.05000E+09
     6      1      5      6              1251.96          2.45000E-03          1.15000E+09
    19      1     18      5              1252.20          1.96000E-02          1.07000E+09
    25      1     26      3              1252.62          5.44000E-02          1.03000E+09
     8      1      7      6              1255.19          4.03000E-03          1.14000E+09
    13      1     14      5              1255.52          1.41000E-02          1.11000E+09
    20      1     21      4              1255.81          2.20000E-02          9.99000E+08
    20      1     19      5              1256.59          2.33000E-02          9.99000E+08
     9      1      8      6              1257.57          6.10000E-03          1.09000E+09
    10      1      9      6              1259.34          2.43000E-03          1.13000E+09
    21      1     20      5              1260.53          1.98000E-02          1.06000E+09
    14      1     15      5              1260.66          1.00000E-02          1.10000E+09
    21      1     22      4              1261.20          3.75000E-02          1.06000E+09
    22      1     21      5              1264.43          1.82000E-02          1.05000E+09
     5      1      6      6              1264.47          5.66000E-03          1.12000E+09
    12      1     11      6              1265.15          3.30000E-03          1.05000E+09
    15      1     16      5              1265.48          1.48000E-02          1.10000E+09
    22      1     23      4              1266.50          3.98000E-02          1.05000E+09
     6      1      7      6              1268.08          3.60000E-03          1.15000E+09
    23      1     22      5              1268.27          1.48000E-02          9.37000E+08
    16      1     17      5              1270.57          1.13000E-02          1.09000E+09
    14      1     13      6              1270.69          2.62000E-03          1.10000E+09
    24      1     23      5              1271.49          1.64000E-02          1.04000E+09
    23      1     24      4              1271.69          1.79000E-02          9.37000E+08
    17      1     18      5              1275.32          1.32000E-02          1.09000E+09
     8      1      9      6              1275.41          2.75000E-03          1.14000E+09
    24      1     25      4              1276.21          3.53000E-02          1.04000E+09
    16      1     15      6              1276.87          2.35000E-03          1.09000E+09
    18      1     19      5              1280.15          1.05000E-02          1.08000E+09
    18      1     17      6              1283.02          1.87000E-03          1.08000E+09
    10      1     11      6              1283.04          2.70000E-03          1.13000E+09
    19      1     20      5              1284.61          1.05000E-02          1.07000E+09
    20      1     21      5              1289.06          7.73000E-03          9.99000E+08
    12      1     13      6              1291.71          3.37000E-03          1.05000E+09
    21      1     22      5              1292.83          7.70000E-03          1.06000E+09
    22      1     21      6              1293.11          1.80000E-03          1.05000E+09
    22      1     23      5              1296.32          5.56000E-03          1.05000E+09
    14      1     15      6              1299.35          2.39000E-03          1.10000E+09
    12      1     13      8              1366.79          2.46000E-03          1.05000E+09
    12      2     13      3              1140.66          3.60000E-03          1.09000E+09
     8      2      7      4              1140.78          1.50000E-03          1.07000E+09
    22      2     23      1              1141.92          8.89000E-04          1.04000E+09
    22      2     21      2              1142.19          3.31000E-03          1.04000E+09
     4      2      5      4              1142.96          5.57000E-03          1.11000E+09
    17      2     16      3              1143.32          1.10000E-02          1.07000E+09
    18      2     19      2              1144.51          1.53000E-02          1.03000E+09
     5      2      6      4              1146.62          6.84000E-03          1.13000E+09
    13      2     14      3              1147.28          5.85000E-03          1.09000E+09
    18      2     17      3              1149.53          1.64000E-02          1.03000E+09
    23      2     22      2              1150.00          3.43000E-03          1.04000E+09
     6      2      7      4              1150.62          7.79000E-03          1.13000E+09
    19      2     20      2              1152.69          2.00000E-02          1.05000E+09
    14      2     15      3              1153.51          1.41000E-03          1.03000E+09
     7      2      8      4              1155.01          8.76000E-03          1.12000E+09
    19      2     18      3              1156.30          1.03000E-02          1.05000E+09
    24      2     23      2              1157.94          3.66000E-03          1.03000E+09
     8      2      9      4              1159.94          9.02000E-03          1.07000E+09
    15      2     16      3              1160.68          4.93000E-03          1.08000E+09
    20      2     21      2              1160.69          1.86000E-02          1.05000E+09
    20      2     19      3              1162.94          1.35000E-02          1.05000E+09
     9      2     10      4              1164.40          8.57000E-03          1.11000E+09
    25      2     24      2              1165.90          3.67000E-03          9.09000E+08
    16      2     17      3              1167.23          8.38000E-04          9.79000E+08
    21      2     22      2              1169.11          1.76000E-02          8.88000E+08
    10      2     11      4              1169.83          1.09000E-02          1.11000E+09
     2      2      1      5              1174.31          5.63000E-02          1.13000E+09
     1      2      0      5              1174.58          1.25000E-01          1.14000E+09
     3      2      2      5              1174.60          2.95000E-02          1.11000E+09
    17      2     18      3              1174.73          4.54000E-03          1.07000E+09
     4      2      3      5              1174.87          4.99000E-02          1.11000E+09
    11      2     12      4              1175.59          1.30000E-02          1.07000E+09
     5      2      4      5              1176.09          4.27000E-02          1.13000E+09
    22      2     21      3              1176.73          1.16000E-02          1.04000E+09
    22      2     23      2              1177.07          2.02000E-02          1.04000E+09
     6      2      5      5              1177.69          3.73000E-02          1.13000E+09
     1      2      2      5              1178.30          1.48000E-02          1.14000E+09
     7      2      6      5              1179.75          3.17000E-02          1.12000E+09
     2      2      3      5              1180.46          2.28000E-02          1.13000E+09
    12      2     13      4              1180.90          9.92000E-03          1.09000E+09
    18      2     19      3              1181.73          2.43000E-03          1.03000E+09
     8      2      7      5              1182.41          1.69000E-02          1.07000E+09
     3      2      4      5              1183.15          3.00000E-02          1.11000E+09
    23      2     22      3              1183.66          1.29000E-02          1.04000E+09
     9      2      8      5              1184.64          3.83000E-02          1.11000E+09
    23      2     24      2              1185.23          1.92000E-02          1.04000E+09
     4      2      5      5              1185.75          1.45000E-02          1.11000E+09
    18      2     17      4              1186.18          9.24000E-04          1.03000E+09
    13      2     14      4              1187.02          1.37000E-02          1.09000E+09
    10      2      9      5              1187.95          3.25000E-02          1.11000E+09
    19      2     20      3              1189.19          4.23000E-03          1.05000E+09
     5      2      6      5              1189.22          2.42000E-02          1.13000E+09
    24      2     23      3              1190.65          1.36000E-02          1.03000E+09
    11      2     10      5              1191.66          2.08000E-02          1.07000E+09
    14      2     15      4              1192.66          5.96000E-03          1.03000E+09
     6      2      7      5              1192.98          2.88000E-02          1.13000E+09
    24      2     25      2              1193.41          1.77000E-02          1.03000E+09
    12      2     11      5              1194.97          3.73000E-02          1.09000E+09
    20      2     21      3              1196.38          3.32000E-03          1.05000E+09
     7      2      8      5              1197.08          3.27000E-02          1.12000E+09
    25      2     24      3              1197.53          1.34000E-02          9.09000E+08
    20      2     19      4              1197.96          1.07000E-03          1.05000E+09
    13      2     12      5              1199.19          3.11000E-02          1.09000E+09
    15      2     16      4              1199.21          1.45000E-02          1.08000E+09
    25      2     26      2              1201.47          8.73000E-03          9.09000E+08
     8      2      9      5              1201.68          3.63000E-02          1.07000E+09
    14      2     13      5              1202.99          3.85000E-02          1.03000E+09
    21      2     22      3              1203.92          2.98000E-03          8.88000E+08
    16      2     17      4              1205.03          4.10000E-03          9.79000E+08
     9      2     10      5              1205.70          2.57000E-02          1.11000E+09
    15      2     14      5              1207.79          3.48000E-02          1.08000E+09
    22      2     21      4              1209.79          1.44000E-03          1.04000E+09
    10      2     11      5              1210.68          3.32000E-02          1.11000E+09
    22      2     23      3              1210.88          2.77000E-03          1.04000E+09
    17      2     18      4              1211.78          1.66000E-02          1.07000E+09
    16      2     15      5              1211.91          3.55000E-02          9.79000E+08
    11      2     12      5              1215.93          3.63000E-02          1.07000E+09
    17      2     16      5              1217.04          3.72000E-02          1.07000E+09
     2      2      1      6              1217.31          6.11000E-02          1.13000E+09
     3      2      2      6              1217.45          4.37000E-02          1.11000E+09
     4      2      3      6              1217.49          3.99000E-02          1.11000E+09
     1      2      0      6              1217.69          1.20000E-01          1.14000E+09
    18      2     19      4              1217.91          1.07000E-02          1.03000E+09
     5      2      4      6              1218.46          4.37000E-02          1.13000E+09
     6      2      5      6              1219.76          4.34000E-02          1.13000E+09
    12      2     13      5              1220.62          3.08000E-02          1.09000E+09
    24      2     23      4              1221.32          4.51000E-03          1.03000E+09
     7      2      6      6              1221.46          4.29000E-02          1.12000E+09
    18      2     17      5              1221.61          4.00000E-02          1.03000E+09
     2      2      3      6              1223.50          1.44000E-02          1.13000E+09
     8      2      7      6              1223.74          3.74000E-02          1.07000E+09
    19      2     20      4              1224.43          2.09000E-02          1.05000E+09
    24      2     25      3              1224.91          1.59000E-03          1.03000E+09
     9      2      8      6              1225.46          3.75000E-02          1.11000E+09
     3      2      4      6              1226.04          1.30000E-02          1.11000E+09
    13      2     14      5              1226.09          3.68000E-02          1.09000E+09
    19      2     18      5              1226.63          3.95000E-02          1.05000E+09
    25      2     24      4              1226.81          8.57000E-03          9.09000E+08
    10      2      9      6              1228.25          4.16000E-02          1.11000E+09
     4      2      5      6              1228.41          1.79000E-02          1.11000E+09
    20      2     21      4              1230.56          1.97000E-02          1.05000E+09
    14      2     15      5              1230.97          2.64000E-02          1.03000E+09
    20      2     19      5              1231.31          4.34000E-02          1.05000E+09
    11      2     10      6              1231.40          4.15000E-02          1.07000E+09
     5      2      6      6              1231.62          1.95000E-02          1.13000E+09
    12      2     11      6              1234.04          3.58000E-02          1.09000E+09
     6      2      7      6              1235.06          1.93000E-02          1.13000E+09
    21      2     20      5              1236.32          2.71000E-02          8.88000E+08
    15      2     16      5              1236.73          3.90000E-02          1.08000E+09
    21      2     22      4              1236.97          2.53000E-02          8.88000E+08
    13      2     12      6              1237.55          4.16000E-02          1.09000E+09
     7      2      8      6              1238.78          1.80000E-02          1.12000E+09
    14      2     13      6              1240.53          2.24000E-02          1.03000E+09
    22      2     21      5              1240.63          4.85000E-02          1.04000E+09
    16      2     17      5              1241.61          2.79000E-02          9.79000E+08
    22      2     23      4              1242.62          2.87000E-02          1.04000E+09
     8      2      9      6              1242.94          1.05000E-02          1.07000E+09
    15      2     14      6              1244.48          3.94000E-02          1.08000E+09
    23      2     22      5              1244.95          5.16000E-02          1.04000E+09
     9      2     10      6              1246.39          2.34000E-02          1.11000E+09
    17      2     18      5              1247.39          4.26000E-02          1.07000E+09
    16      2     15      6              1247.63          1.48000E-02          9.79000E+08
    23      2     24      4              1248.24          3.19000E-02          1.04000E+09
    24      2     23      5              1249.03          5.34000E-02          1.03000E+09
    10      2     11      6              1250.79          2.04000E-02          1.11000E+09
    17      2     16      6              1251.74          3.82000E-02          1.07000E+09
    18      2     19      5              1252.40          4.35000E-02          1.03000E+09
    24      2     25      4              1253.58          3.62000E-02          1.03000E+09
    18      2     17      6              1255.15          2.53000E-02          1.03000E+09
    11      2     12      6              1255.39          1.26000E-02          1.07000E+09
    19      2     20      5              1257.71          4.53000E-02          1.05000E+09
    19      2     18      6              1258.91          3.79000E-02          1.05000E+09
    12      2     13      6              1259.29          2.53000E-02          1.09000E+09
     4      2      3      7              1259.62          4.13000E-03          1.11000E+09
     3      2      2      7              1259.85          1.94000E-02          1.11000E+09
     2      2      1      7              1259.88          1.86000E-02          1.13000E+09
     6      2      5      7              1261.21          9.35000E-03          1.13000E+09
    20      2     19      6              1262.20          3.27000E-02          1.05000E+09
    20      2     21      5              1262.48          5.07000E-02          1.05000E+09
     7      2      6      7              1262.48          1.06000E-02          1.12000E+09
    13      2     14      6              1263.93          1.99000E-02          1.09000E+09
     8      2      7      7              1264.26          1.34000E-02          1.07000E+09
    21      2     20      6              1265.67          3.02000E-02          8.88000E+08
    21      2     22      5              1267.38          2.17000E-02          8.88000E+08
    10      2      9      7              1267.52          8.02000E-03          1.11000E+09
    14      2     15      6              1267.83          2.79000E-02          1.03000E+09
    22      2     21      6              1268.23          3.21000E-02          1.04000E+09
    11      2     10      7              1269.95          9.50000E-03          1.07000E+09
     4      2      5      7              1270.46          8.93000E-03          1.11000E+09
    23      2     22      6              1270.58          2.84000E-02          1.04000E+09
    22      2     23      5              1271.31          5.09000E-02          1.04000E+09
    12      2     11      7              1271.76          5.78000E-03          1.09000E+09
    15      2     16      6              1272.57          2.17000E-02          1.08000E+09
     5      2      6      7              1273.33          6.96000E-03          1.13000E+09
    13      2     12      7              1274.39          7.01000E-03          1.09000E+09
    16      2     17      6              1276.27          2.43000E-02          9.79000E+08
     6      2      7      7              1276.35          6.09000E-03          1.13000E+09
    14      2     13      7              1276.35          4.47000E-03          1.03000E+09
    15      2     14      7              1279.24          5.99000E-03          1.08000E+09
    17      2     18      6              1280.80          2.03000E-02          1.07000E+09
    16      2     15      7              1281.16          5.28000E-03          9.79000E+08
     8      2      9      7              1283.17          2.79000E-03          1.07000E+09
    18      2     19      6              1284.37          2.06000E-02          1.03000E+09
     9      2     10      7              1285.91          6.36000E-03          1.11000E+09
    18      2     17      7              1285.91          6.21000E-03          1.03000E+09
    19      2     20      6              1288.10          1.62000E-02          1.05000E+09
    20      2     19      7              1289.54          3.57000E-03          1.05000E+09
    10      2     11      7              1289.56          5.47000E-03          1.11000E+09
    20      2     21      6              1291.08          1.42000E-02          1.05000E+09
    21      2     22      6              1293.95          7.30000E-03          8.88000E+08
    12      2     13      7              1296.22          3.85000E-03          1.09000E+09
    14      2     13      8              1309.62          2.56000E-03          1.03000E+09
    14      3     13      4              1141.38          9.53000E-03          1.07000E+09
    10      3     11      4              1144.78          1.79000E-02          1.07000E+09
    16      3     17      3              1145.21          3.28000E-03          1.06000E+09
    15      3     14      4              1147.11          5.25000E-03          1.01000E+09
     4      3      3      5              1147.87          2.76000E-03          1.11000E+09
    11      3     12      4              1149.91          8.96000E-03          1.05000E+09
     6      3      5      5              1150.93          1.94000E-03          1.10000E+09
    16      3     15      4              1152.46          1.00000E-02          1.06000E+09
     8      3      7      5              1155.32          5.56000E-03          1.08000E+09
    12      3     13      4              1156.17          1.56000E-02          1.08000E+09
     9      3      8      5              1158.54          3.75000E-03          1.09000E+09
    17      3     16      4              1158.68          4.35000E-03          9.82000E+08
    18      3     19      3              1160.17          3.41000E-03          1.05000E+09
    10      3      9      5              1162.12          2.08000E-03          1.07000E+09
    13      3     14      4              1162.78          1.84000E-02          9.73000E+08
    18      3     17      4              1164.45          9.95000E-03          1.05000E+09
    11      3     10      5              1165.28          6.27000E-03          1.05000E+09
    19      3     20      3              1167.52          2.82000E-03          9.58000E+08
    14      3     15      4              1168.53          1.38000E-02          1.07000E+09
    12      3     11      5              1169.65          4.12000E-03          1.08000E+09
    19      3     18      4              1170.40          1.36000E-02          9.58000E+08
    15      3     16      4              1175.33          1.81000E-02          1.01000E+09
    14      3     13      5              1178.45          4.76000E-03          1.07000E+09
    16      3     17      4              1181.58          1.32000E-02          1.06000E+09
     2      3      1      6              1187.73          4.36000E-02          1.09000E+09
     3      3      2      6              1187.91          3.25000E-02          1.11000E+09
    16      3     15      5              1188.19          4.37000E-03          1.06000E+09
     4      3      3      6              1188.52          2.64000E-02          1.11000E+09
    17      3     18      4              1188.61          1.72000E-02          9.82000E+08
     5      3      4      6              1189.57          2.21000E-02          1.11000E+09
     6      3      5      6              1191.07          1.81000E-02          1.10000E+09
     1      3      2      6              1191.84          1.33000E-02          1.05000E+09
     7      3      6      6              1193.17          1.00000E-02          1.05000E+09
     2      3      3      6              1193.63          8.73000E-03          1.09000E+09
    12      3     13      5              1194.21          1.21000E-03          1.08000E+09
     8      3      7      6              1194.74          2.13000E-02          1.08000E+09
    18      3     19      4              1195.02          1.35000E-02          1.05000E+09
     3      3      4      6              1196.09          1.47000E-02          1.11000E+09
     9      3      8      6              1197.55          1.77000E-02          1.09000E+09
    18      3     17      5              1198.58          3.47000E-03          1.05000E+09
     4      3      5      6              1198.92          1.89000E-02          1.11000E+09
    10      3      9      6              1200.67          1.24000E-02          1.07000E+09
    19      3     20      4              1201.47          6.14000E-03          9.58000E+08
     5      3      6      6              1202.11          2.25000E-02          1.11000E+09
    11      3     10      6              1203.25          2.16000E-02          1.05000E+09
    14      3     15      5              1205.28          1.62000E-03          1.07000E+09
     6      3      7      6              1205.65          2.65000E-02          1.10000E+09
    12      3     11      6              1207.05          1.76000E-02          1.08000E+09
     7      3      8      6              1209.69          3.12000E-02          1.05000E+09
    13      3     12      6              1211.22          6.48000E-03          9.73000E+08
     8      3      9      6              1213.04          1.76000E-02          1.08000E+09
    14      3     13      6              1214.45          2.12000E-02          1.07000E+09
    16      3     17      5              1216.73          2.41000E-03          1.06000E+09
     9      3     10      6              1217.53          2.72000E-02          1.09000E+09
    15      3     14      6              1218.78          1.32000E-02          1.01000E+09
    10      3     11      6              1222.19          3.31000E-02          1.07000E+09
    16      3     15      6              1222.51          2.46000E-02          1.06000E+09
    17      3     18      5              1222.85          5.69000E-03          9.82000E+08
    11      3     12      6              1226.14          1.89000E-02          1.05000E+09
    17      3     16      6              1227.03          1.50000E-02          9.82000E+08
    18      3     19      5              1228.21          4.56000E-03          1.05000E+09
     2      3      1      7              1228.23          7.78000E-02          1.09000E+09
     3      3      2      7              1228.24          6.72000E-02          1.11000E+09
     4      3      3      7              1228.63          6.13000E-02          1.11000E+09
     1      3      0      7              1228.91          9.69000E-02          1.05000E+09
     5      3      4      7              1229.40          5.76000E-02          1.11000E+09
     6      3      5      7              1230.57          5.42000E-02          1.10000E+09
    18      3     17      6              1230.85          2.85000E-02          1.05000E+09
    12      3     13      6              1231.20          3.20000E-02          1.08000E+09
     7      3      6      7              1232.28          4.31000E-02          1.05000E+09
     8      3      7      7              1233.34          4.97000E-02          1.08000E+09
     2      3      3      7              1234.09          1.70000E-02          1.09000E+09
    19      3     18      6              1234.66          3.06000E-02          9.58000E+08
     9      3      8      7              1235.63          5.34000E-02          1.09000E+09
     3      3      4      7              1236.37          2.24000E-02          1.11000E+09
    13      3     14      6              1236.48          3.32000E-02          9.73000E+08
    10      3      9      7              1238.16          5.08000E-02          1.07000E+09
     4      3      5      7              1238.94          2.48000E-02          1.11000E+09
    11      3     10      7              1240.04          4.32000E-02          1.05000E+09
    14      3     15      6              1240.60          3.40000E-02          1.07000E+09
     5      3      6      7              1241.81          2.59000E-02          1.11000E+09
    12      3     11      7              1243.11          5.30000E-02          1.08000E+09
     6      3      7      7              1244.97          2.56000E-02          1.10000E+09
    15      3     16      6              1245.71          3.76000E-02          1.01000E+09
    13      3     12      7              1246.49          4.43000E-02          9.73000E+08
     7      3      8      7              1248.56          1.94000E-02          1.05000E+09
    14      3     13      7              1248.76          5.06000E-02          1.07000E+09
    16      3     17      6              1250.00          4.00000E-02          1.06000E+09
     8      3      9      7              1251.33          2.84000E-02          1.08000E+09
    15      3     14      7              1252.10          5.29000E-02          1.01000E+09
    16      3     15      7              1254.69          4.92000E-02          1.06000E+09
    17      3     18      6              1254.94          3.83000E-02          9.82000E+08
     9      3     10      7              1255.21          2.83000E-02          1.09000E+09
    17      3     16      7              1257.99          5.24000E-02          9.82000E+08
    18      3     19      6              1258.94          4.88000E-02          1.05000E+09
    10      3     11      7              1259.18          2.29000E-02          1.07000E+09
    18      3     17      7              1260.42          4.99000E-02          1.05000E+09
    11      3     12      7              1262.30          3.28000E-02          1.05000E+09
    19      3     18      7              1262.69          2.82000E-02          9.58000E+08
    19      3     20      6              1262.72          4.43000E-02          9.58000E+08
    12      3     13      7              1266.48          2.95000E-02          1.08000E+09
     4      3      3      8              1267.67          1.81000E-02          1.11000E+09
     2      3      1      8              1267.74          1.57000E-02          1.09000E+09
     5      3      4      8              1268.09          1.87000E-02          1.11000E+09
     6      3      5      8              1268.85          1.98000E-02          1.10000E+09
     7      3      6      8              1270.08          2.22000E-02          1.05000E+09
     8      3      7      8              1270.52          9.74000E-03          1.08000E+09
    13      3     14      7              1270.79          1.26000E-02          9.73000E+08
     9      3      8      8              1272.17          1.46000E-02          1.09000E+09
     2      3      3      8              1273.48          1.10000E-02          1.09000E+09
    14      3     15      7              1273.75          3.24000E-02          1.07000E+09
    10      3      9      8              1273.97          1.67000E-02          1.07000E+09
    11      3     10      8              1274.97          7.81000E-03          1.05000E+09
    12      3     11      8              1277.14          1.23000E-02          1.08000E+09
    15      3     16      7              1277.63          1.98000E-02          1.01000E+09
     4      3      5      8              1277.75          9.93000E-03          1.11000E+09
    13      3     12      8              1279.50          1.11000E-02          9.73000E+08
     5      3      6      8              1280.21          9.20000E-03          1.11000E+09
    16      3     17      7              1280.51          3.10000E-02          1.06000E+09
    14      3     13      8              1280.59          9.87000E-03          1.07000E+09
    15      3     14      8              1282.66          8.20000E-03          1.01000E+09
     6      3      7      8              1282.87          7.94000E-03          1.10000E+09
    16      3     15      8              1283.81          8.05000E-03          1.06000E+09
    17      3     18      7              1283.90          1.67000E-02          9.82000E+08
    18      3     19      7              1286.13          2.41000E-02          1.05000E+09
    18      3     17      8              1286.17          5.08000E-03          1.05000E+09
    19      3     20      7              1287.89          1.77000E-02          9.58000E+08
     8      3      9      8              1287.92          1.07000E-02          1.08000E+09
     9      3     10      8              1291.02          8.70000E-03          1.09000E+09
    10      3     11      8              1294.10          6.66000E-03          1.07000E+09
    11      3     12      8              1296.17          6.27000E-03          1.05000E+09
    12      3     13      8              1299.23          5.86000E-03          1.08000E+09
    14      3     15      8              1303.78          2.77000E-03          1.07000E+09
