# Data for D- transitions (Q) 
#  JU 	 VU 	 JL 	 VL 		 lambda [A] 		 Aul [1/s] 		 oscillator strength f 		 Gamma [1/s]
     1      0      1      0               886.42          3.80454E+07          4.48400E-03          3.54802E+08
     1      0      1      1               920.32          1.06242E+08          1.35000E-02          3.54802E+08
     1      0      1      2               954.76          1.18171E+08          1.61600E-02          3.54802E+08
     1      0      1      3               989.63          6.76299E+07          9.93500E-03          3.54802E+08
     1      0      1      4              1024.74          2.10378E+07          3.31400E-03          3.54802E+08
     1      0      1      5              1059.88          3.41388E+06          5.75200E-04          3.54802E+08
     1      0      1      6              1094.79          2.56531E+05          4.61200E-05          3.54802E+08
     1      0      1      7              1129.11          5.47297E+03          1.04700E-06          3.54802E+08
     1      0      1      8              1162.41          1.38991E+01          2.81700E-09          3.54802E+08
     1      0      1      9              1194.14          2.67640E-02          5.72500E-12          3.54802E+08
     1      0      1     10              1223.65          1.15869E-01          2.60200E-11          3.54802E+08
     1      0      1     11              1250.10          2.97455E+00          6.97300E-10          3.54802E+08
     1      0      1     12              1272.46          4.26759E+00          1.03600E-09          3.54802E+08
     1      0      1     13              1289.50          2.21372E-01          5.52100E-11          3.54802E+08
     1      0      1     14              1299.69          1.56990E-03          3.97800E-13          3.54802E+08
     2      0      2      0               887.35          3.79586E+07          4.48300E-03          3.54582E+08
     2      0      2      1               921.22          1.06130E+08          1.35100E-02          3.54582E+08
     2      0      2      2               955.63          1.18163E+08          1.61900E-02          3.54582E+08
     2      0      2      3               990.45          6.76469E+07          9.95400E-03          3.54582E+08
     2      0      2      4              1025.50          2.10225E+07          3.31600E-03          3.54582E+08
     2      0      2      5              1060.57          3.40183E+06          5.74000E-04          3.54582E+08
     2      0      2      6              1095.38          2.53683E+05          4.56600E-05          3.54582E+08
     2      0      2      7              1129.59          5.26484E+03          1.00800E-06          3.54582E+08
     2      0      2      8              1162.75          1.52102E+01          3.08500E-09          3.54582E+08
     2      0      2      9              1194.32          5.65329E-03          1.21000E-12          3.54582E+08
     2      0      2     10              1223.63          1.14323E-01          2.56800E-11          3.54582E+08
     2      0      2     11              1249.83          2.40526E+00          5.63600E-10          3.54582E+08
     2      0      2     12              1271.89          3.84698E+00          9.33500E-10          3.54582E+08
     2      0      2     13              1288.56          2.21852E-01          5.52500E-11          3.54582E+08
     2      0      2     14              1298.26          3.26803E-03          8.26200E-13          3.54582E+08
     3      0      3      0               888.74          3.78303E+07          4.48200E-03          3.54257E+08
     3      0      3      1               922.57          1.05963E+08          1.35300E-02          3.54257E+08
     3      0      3      2               956.92          1.18152E+08          1.62300E-02          3.54257E+08
     3      0      3      3               991.66          6.76731E+07          9.98200E-03          3.54257E+08
     3      0      3      4              1026.63          2.10003E+07          3.32000E-03          3.54257E+08
     3      0      3      5              1061.59          3.38388E+06          5.72000E-04          3.54257E+08
     3      0      3      6              1096.26          2.49438E+05          4.49700E-05          3.54257E+08
     3      0      3      7              1130.30          4.95874E+03          9.50300E-07          3.54257E+08
     3      0      3      8              1163.25          1.74066E+01          3.53300E-09          3.54257E+08
     3      0      3      9              1194.58          8.77426E-04          1.87800E-13          3.54257E+08
     3      0      3     10              1223.58          1.20746E-01          2.71200E-11          3.54257E+08
     3      0      3     11              1249.40          1.85361E+00          4.34000E-10          3.54257E+08
     3      0      3     12              1271.02          3.45678E+00          8.37700E-10          3.54257E+08
     3      0      3     13              1287.11          2.29073E-01          5.69200E-11          3.54257E+08
     3      0      3     14              1296.06          6.13956E-03          1.54700E-12          3.54257E+08
     4      0      4      0               890.57          3.76576E+07          4.48000E-03          3.53834E+08
     4      0      4      1               924.34          1.05743E+08          1.35500E-02          3.53834E+08
     4      0      4      2               958.62          1.18142E+08          1.62900E-02          3.53834E+08
     4      0      4      3               993.27          6.77109E+07          1.00200E-02          3.53834E+08
     4      0      4      4              1028.11          2.09719E+07          3.32500E-03          3.53834E+08
     4      0      4      5              1062.92          3.36015E+06          5.69400E-04          3.53834E+08
     4      0      4      6              1097.41          2.43769E+05          4.40400E-05          3.53834E+08
     4      0      4      7              1131.22          4.56495E+03          8.76200E-07          3.53834E+08
     4      0      4      8              1163.90          2.04833E+01          4.16200E-09          3.53834E+08
     4      0      4      9              1194.89          2.30218E-02          4.93000E-12          3.53834E+08
     4      0      4     10              1223.48          1.34056E-01          3.01000E-11          3.53834E+08
     4      0      4     11              1248.81          1.33165E+00          3.11500E-10          3.53834E+08
     4      0      4     12              1269.81          3.02245E+00          7.31000E-10          3.53834E+08
     4      0      4     13              1285.14          2.35476E-01          5.83400E-11          3.53834E+08
     5      0      5      0               892.84          3.74430E+07          4.47700E-03          3.53322E+08
     5      0      5      1               926.54          1.05471E+08          1.35800E-02          3.53322E+08
     5      0      5      2               960.72          1.18137E+08          1.63600E-02          3.53322E+08
     5      0      5      3               995.25          6.77620E+07          1.00700E-02          3.53322E+08
     5      0      5      4              1029.94          2.09374E+07          3.33100E-03          3.53322E+08
     5      0      5      5              1064.56          3.33064E+06          5.66200E-04          3.53322E+08
     5      0      5      6              1098.82          2.36719E+05          4.28700E-05          3.53322E+08
     5      0      5      7              1132.35          4.09455E+03          7.87500E-07          3.53322E+08
     5      0      5      8              1164.68          2.49158E+01          5.07000E-09          3.53322E+08
     5      0      5      9              1195.24          6.67196E-02          1.43000E-11          3.53322E+08
     5      0      5     10              1223.32          1.78020E-01          3.99600E-11          3.53322E+08
     5      0      5     11              1248.02          1.05932E+00          2.47500E-10          3.53322E+08
     5      0      5     12              1268.24          2.91415E+00          7.03100E-10          3.53322E+08
     5      0      5     13              1282.59          2.63072E-01          6.49100E-11          3.53322E+08
     6      0      6      0               895.53          3.71859E+07          4.47300E-03          3.52728E+08
     6      0      6      1               929.14          1.05151E+08          1.36200E-02          3.52728E+08
     6      0      6      2               963.21          1.18140E+08          1.64400E-02          3.52728E+08
     6      0      6      3               997.59          6.78258E+07          1.01200E-02          3.52728E+08
     6      0      6      4              1032.09          2.08979E+07          3.33900E-03          3.52728E+08
     6      0      6      5              1066.48          3.29529E+06          5.62200E-04          3.52728E+08
     6      0      6      6              1100.46          2.28232E+05          4.14600E-05          3.52728E+08
     6      0      6      7              1133.64          3.56568E+03          6.87400E-07          3.52728E+08
     6      0      6      8              1165.55          3.07183E+01          6.26000E-09          3.52728E+08
     6      0      6      9              1195.60          1.31799E-01          2.82600E-11          3.52728E+08
     6      0      6     10              1223.06          2.67842E-01          6.01000E-11          3.52728E+08
     6      0      6     11              1247.00          9.51221E-01          2.21900E-10          3.52728E+08
     6      0      6     12              1266.28          3.08279E+00          7.41500E-10          3.52728E+08
     6      0      6     13              1279.40          3.13831E-01          7.70500E-11          3.52728E+08
     7      0      7      0               898.62          3.68876E+07          4.46800E-03          3.52065E+08
     7      0      7      1               932.12          1.04789E+08          1.36600E-02          3.52065E+08
     7      0      7      2               966.05          1.18154E+08          1.65400E-02          3.52065E+08
     7      0      7      3              1000.26          6.79054E+07          1.01900E-02          3.52065E+08
     7      0      7      4              1034.55          2.08539E+07          3.34800E-03          3.52065E+08
     7      0      7      5              1068.67          3.25375E+06          5.57400E-04          3.52065E+08
     7      0      7      6              1102.31          2.18269E+05          3.97800E-05          3.52065E+08
     7      0      7      7              1135.08          3.00058E+03          5.79900E-07          3.52065E+08
     7      0      7      8              1166.50          3.81283E+01          7.78200E-09          3.52065E+08
     7      0      7      9              1195.95          2.35442E-01          5.05100E-11          3.52065E+08
     7      0      7     10              1222.67          4.77696E-01          1.07100E-10          3.52065E+08
     7      0      7     11              1245.71          1.11949E+00          2.60600E-10          3.52065E+08
     7      0      7     12              1263.86          4.02884E+00          9.65300E-10          3.52065E+08
     7      0      7     13              1275.47          4.37835E-01          1.06800E-10          3.52065E+08
     8      0      8      0               902.09          3.65477E+07          4.46100E-03          3.51343E+08
     8      0      8      1               935.47          1.04393E+08          1.37000E-02          3.51343E+08
     8      0      8      2               969.24          1.18181E+08          1.66500E-02          3.51343E+08
     8      0      8      3              1003.25          6.80002E+07          1.02700E-02          3.51343E+08
     8      0      8      4              1037.28          2.08070E+07          3.35800E-03          3.51343E+08
     8      0      8      5              1071.09          3.20521E+06          5.51600E-04          3.51343E+08
     8      0      8      6              1104.34          2.06699E+05          3.78100E-05          3.51343E+08
     8      0      8      7              1136.65          2.43665E+03          4.72200E-07          3.51343E+08
     8      0      8      8              1167.50          4.76640E+01          9.74500E-09          3.51343E+08
     8      0      8      9              1196.25          5.91659E-01          1.27000E-10          3.51343E+08
     8      0      8     10              1222.12          1.25211E+00          2.80500E-10          3.51343E+08
     8      0      8     11              1244.10          2.38940E+00          5.54700E-10          3.51343E+08
     8      0      8     12              1260.92          9.11341E+00          2.17300E-09          3.51343E+08
     9      0      9      0               905.93          3.52840E+07          4.34400E-03          3.50690E+08
     9      0      9      1               939.17          1.06204E+08          1.40500E-02          3.50690E+08
     9      0      9      2               972.75          1.16760E+08          1.65700E-02          3.50690E+08
     9      0      9      3              1006.52          6.75395E+07          1.02600E-02          3.50690E+08
     9      0      9      4              1040.27          2.16180E+07          3.50900E-03          3.50690E+08
     9      0      9      5              1073.72          2.99514E+06          5.17900E-04          3.50690E+08
     9      0      9      6              1106.54          1.45854E+05          2.67900E-05          3.50690E+08
     9      0      9      7              1138.31          1.85813E+04          3.61100E-06          3.50690E+08
     9      0      9      8              1168.50          6.78478E+02          1.39000E-07          3.50690E+08
     9      0      9      9              1196.46          6.81731E+03          1.46400E-06          3.50690E+08
     9      0      9     10              1221.36          9.17504E+03          2.05300E-06          3.50690E+08
     9      0      9     11              1242.13          2.03482E+04          4.70900E-06          3.50690E+08
     9      0      9     12              1257.37          8.65765E+04          2.05300E-05          3.50690E+08
    10      0     10      0               910.11          3.57831E+07          4.44600E-03          3.49770E+08
    10      0     10      1               943.19          1.03449E+08          1.38000E-02          3.49770E+08
    10      0     10      2               976.56          1.18337E+08          1.69300E-02          3.49770E+08
    10      0     10      3              1010.07          6.82579E+07          1.04500E-02          3.49770E+08
    10      0     10      4              1043.48          2.06722E+07          3.37600E-03          3.49770E+08
    10      0     10      5              1076.53          3.08893E+06          5.37000E-04          3.49770E+08
    10      0     10      6              1108.86          1.80362E+05          3.32700E-05          3.49770E+08
    10      0     10      7              1140.03          1.15416E+03          2.25000E-07          3.49770E+08
    10      0     10      8              1169.49          6.30760E+01          1.29400E-08          3.49770E+08
    10      0     10      9              1196.55          9.50305E-01          2.04100E-10          3.49770E+08
    10      0     10     10              1220.34          1.69369E-01          3.78300E-11          3.49770E+08
    10      0     10     11              1239.72          8.80754E-01          2.03000E-10          3.49770E+08
    10      0     10     12              1253.09          5.39763E+00          1.27100E-09          3.49770E+08
    11      0     11      0               914.62          3.53415E+07          4.43500E-03          3.48943E+08
    11      0     11      1               947.51          1.02976E+08          1.38700E-02          3.48943E+08
    11      0     11      2               980.65          1.18436E+08          1.70800E-02          3.48943E+08
    11      0     11      3              1013.86          6.84071E+07          1.05500E-02          3.48943E+08
    11      0     11      4              1046.91          2.06031E+07          3.38700E-03          3.48943E+08
    11      0     11      5              1079.50          3.01432E+06          5.26900E-04          3.48943E+08
    11      0     11      6              1111.28          1.64195E+05          3.04200E-05          3.48943E+08
    11      0     11      7              1141.77          7.01962E+02          1.37300E-07          3.48943E+08
    11      0     11      8              1170.41          7.41775E+01          1.52400E-08          3.48943E+08
    11      0     11      9              1196.47          7.31169E-01          1.57000E-10          3.48943E+08
    11      0     11     10              1219.00          5.33090E-03          1.18800E-12          3.48943E+08
    11      0     11     11              1236.78          7.23205E-02          1.65900E-11          3.48943E+08
    12      0     12      0               919.43          3.48770E+07          4.42200E-03          3.48103E+08
    12      0     12      1               952.11          1.02483E+08          1.39400E-02          3.48103E+08
    12      0     12      2               984.98          1.18574E+08          1.72600E-02          3.48103E+08
    12      0     12      3              1017.86          6.85765E+07          1.06600E-02          3.48103E+08
    12      0     12      4              1050.50          2.05171E+07          3.39600E-03          3.48103E+08
    12      0     12      5              1082.60          2.92829E+06          5.14800E-04          3.48103E+08
    12      0     12      6              1113.76          1.46741E+05          2.73000E-05          3.48103E+08
    12      0     12      7              1143.51          3.25677E+02          6.38800E-08          3.48103E+08
    12      0     12      8              1171.24          8.31280E+01          1.71100E-08          3.48103E+08
    12      0     12      9              1196.16          1.26527E+00          2.71600E-10          3.48103E+08
    12      0     12     10              1217.29          6.08890E-02          1.35300E-11          3.48103E+08
    12      0     12     11              1233.22          2.46644E-02          5.62700E-12          3.48103E+08
    13      0     13      0               924.52          3.44049E+07          4.41100E-03          3.47265E+08
    13      0     13      1               956.96          1.01952E+08          1.40000E-02          3.47265E+08
    13      0     13      2               989.55          1.18780E+08          1.74500E-02          3.47265E+08
    13      0     13      3              1022.06          6.87690E+07          1.07800E-02          3.47265E+08
    13      0     13      4              1054.25          2.03985E+07          3.40100E-03          3.47265E+08
    13      0     13      5              1085.80          2.83174E+06          5.00800E-04          3.47265E+08
    13      0     13      6              1116.29          1.28272E+05          2.39800E-05          3.47265E+08
    13      0     13      7              1145.21          5.58348E+01          1.09800E-08          3.47265E+08
    13      0     13      8              1171.92          6.92536E+01          1.42700E-08          3.47265E+08
    13      0     13      9              1195.59          3.11011E+00          6.66900E-10          3.47265E+08
    13      0     13     10              1215.11          9.67081E-01          2.14200E-10          3.47265E+08
    14      0     14      0               929.87          3.38968E+07          4.39600E-03          3.46438E+08
    14      0     14      1               962.05          1.01483E+08          1.40900E-02          3.46438E+08
    14      0     14      2               994.31          1.18994E+08          1.76500E-02          3.46438E+08
    14      0     14      3              1026.43          6.89702E+07          1.09000E-02          3.46438E+08
    14      0     14      4              1058.13          2.02725E+07          3.40500E-03          3.46438E+08
    14      0     14      5              1089.06          2.71329E+06          4.82700E-04          3.46438E+08
    14      0     14      6              1118.81          1.08199E+05          2.03200E-05          3.46438E+08
    14      0     14      7              1146.82          2.13884E+00          4.22000E-10          3.46438E+08
    14      0     14      8              1172.41          7.61724E+01          1.57100E-08          3.46438E+08
    14      0     14      9              1194.68          4.80204E+00          1.02800E-09          3.46438E+08
    14      0     14     10              1212.37          1.26513E-01          2.78900E-11          3.46438E+08
     1      1      1      0               869.29          6.72201E+07          7.61900E-03          3.54275E+08
     1      1      1      1               901.87          5.70883E+07          6.96500E-03          3.54275E+08
     1      1      1      2               934.92          1.73270E+05          2.27200E-05          3.54275E+08
     1      1      1      3               968.32          5.60166E+07          7.87900E-03          3.54275E+08
     1      1      1      4              1001.92          1.03153E+08          1.55300E-02          3.54275E+08
     1      1      1      5              1035.49          5.54961E+07          8.92600E-03          3.54275E+08
     1      1      1      6              1068.78          1.32820E+07          2.27600E-03          3.54275E+08
     1      1      1      7              1101.46          1.50974E+06          2.74700E-04          3.54275E+08
     1      1      1      8              1133.12          2.47113E+03          4.75900E-07          3.54275E+08
     1      1      1      9              1163.26          5.21800E+03          1.05900E-06          3.54275E+08
     1      1      1     10              1191.25          2.22194E+04          4.73000E-06          3.54275E+08
     1      1      1     11              1216.30          9.09044E+03          2.01700E-06          3.54275E+08
     1      1      1     12              1237.46          8.58300E+03          1.97100E-06          3.54275E+08
     1      1      1     13              1253.57          2.50255E+05          5.89900E-05          3.54275E+08
     1      1      1     14              1263.20          1.04137E+04          2.49300E-06          3.54275E+08
     2      1      2      0               870.23          6.57090E+07          7.46400E-03          3.53788E+08
     2      1      2      1               902.79          5.93130E+07          7.25100E-03          3.53788E+08
     2      1      2      2               935.81          9.01553E+04          1.18400E-05          3.53788E+08
     2      1      2      3               969.17          5.60224E+07          7.89300E-03          3.53788E+08
     2      1      2      4              1002.70          1.00980E+08          1.52300E-02          3.53788E+08
     2      1      2      5              1036.21          5.70826E+07          9.19400E-03          3.53788E+08
     2      1      2      6              1069.41          1.33708E+07          2.29400E-03          3.53788E+08
     2      1      2      7              1101.99          1.20090E+06          2.18800E-04          3.53788E+08
     2      1      2      8              1133.53          1.80828E+04          3.48500E-06          3.53788E+08
     2      1      2      9              1163.52          5.07778E+02          1.03100E-07          3.53788E+08
     2      1      2     10              1191.31          5.87139E+01          1.25000E-08          3.53788E+08
     2      1      2     11              1216.13          1.96334E+01          4.35600E-09          3.53788E+08
     2      1      2     12              1237.01          2.35887E+01          5.41400E-09          3.53788E+08
     2      1      2     13              1252.77          7.04809E+02          1.65900E-07          3.53788E+08
     2      1      2     14              1261.94          2.97000E+01          7.09500E-09          3.53788E+08
     3      1      3      0               871.64          6.54483E+07          7.45900E-03          3.53486E+08
     3      1      3      1               904.15          5.93462E+07          7.27700E-03          3.53486E+08
     3      1      3      2               937.12          9.15041E+04          1.20500E-05          3.53486E+08
     3      1      3      3               970.42          5.60165E+07          7.91300E-03          3.53486E+08
     3      1      3      4              1003.88          1.01015E+08          1.52700E-02          3.53486E+08
     3      1      3      5              1037.28          5.70969E+07          9.21500E-03          3.53486E+08
     3      1      3      6              1070.36          1.32884E+07          2.28400E-03          3.53486E+08
     3      1      3      7              1102.78          1.16527E+06          2.12600E-04          3.53486E+08
     3      1      3      8              1134.13          1.71574E+04          3.31000E-06          3.53486E+08
     3      1      3      9              1163.88          4.69335E+02          9.53700E-08          3.53486E+08
     3      1      3     10              1191.39          9.46257E+00          2.01500E-09          3.53486E+08
     3      1      3     11              1215.87          1.79488E+00          3.98000E-10          3.53486E+08
     3      1      3     12              1236.33          3.63361E+00          8.33100E-10          3.53486E+08
     3      1      3     13              1251.55          1.11663E+02          2.62400E-08          3.53486E+08
     3      1      3     14              1260.01          4.66983E+00          1.11200E-09          3.53486E+08
     4      1      4      0               873.49          6.51540E+07          7.45700E-03          3.53100E+08
     4      1      4      1               905.96          5.93170E+07          7.30300E-03          3.53100E+08
     4      1      4      2               938.86          9.60981E+04          1.27100E-05          3.53100E+08
     4      1      4      3               972.07          5.60101E+07          7.93900E-03          3.53100E+08
     4      1      4      4              1005.42          1.01145E+08          1.53400E-02          3.53100E+08
     4      1      4      5              1038.69          5.70610E+07          9.23400E-03          3.53100E+08
     4      1      4      6              1071.60          1.31737E+07          2.26900E-03          3.53100E+08
     4      1      4      7              1103.81          1.12749E+06          2.06100E-04          3.53100E+08
     4      1      4      8              1134.90          1.51870E+04          2.93400E-06          3.53100E+08
     4      1      4      9              1164.35          4.92788E+02          1.00200E-07          3.53100E+08
     4      1      4     10              1191.48          3.71575E+00          7.91200E-10          3.53100E+08
     4      1      4     11              1215.49          1.46231E-01          3.24100E-11          3.53100E+08
     4      1      4     12              1235.37          1.04409E+00          2.39000E-10          3.53100E+08
     4      1      4     13              1249.87          3.43991E+01          8.06100E-09          3.53100E+08
     5      1      5      0               875.79          6.47956E+07          7.45500E-03          3.52632E+08
     5      1      5      1               908.19          5.92693E+07          7.33300E-03          3.52632E+08
     5      1      5      2               941.01          1.02887E+05          1.36700E-05          3.52632E+08
     5      1      5      3               974.11          5.60048E+07          7.97100E-03          3.52632E+08
     5      1      5      4              1007.32          1.01330E+08          1.54200E-02          3.52632E+08
     5      1      5      5              1040.41          5.70049E+07          9.25600E-03          3.52632E+08
     5      1      5      6              1073.11          1.30288E+07          2.25100E-03          3.52632E+08
     5      1      5      7              1105.06          1.08255E+06          1.98300E-04          3.52632E+08
     5      1      5      8              1135.84          1.27381E+04          2.46500E-06          3.52632E+08
     5      1      5      9              1164.88          5.36352E+02          1.09200E-07          3.52632E+08
     5      1      5     10              1191.54          2.74549E+00          5.84700E-10          3.52632E+08
     5      1      5     11              1214.96          8.41707E-03          1.86400E-12          3.52632E+08
     5      1      5     12              1234.12          3.69310E-01          8.43700E-11          3.52632E+08
     5      1      5     13              1247.70          1.51210E+01          3.53100E-09          3.52632E+08
     6      1      6      0               878.52          6.43715E+07          7.45200E-03          3.52099E+08
     6      1      6      1               910.84          5.92151E+07          7.36900E-03          3.52099E+08
     6      1      6      2               943.56          1.11891E+05          1.49400E-05          3.52099E+08
     6      1      6      3               976.52          5.60039E+07          8.01100E-03          3.52099E+08
     6      1      6      4              1009.56          1.01568E+08          1.55300E-02          3.52099E+08
     6      1      6      5              1042.44          5.69348E+07          9.28100E-03          3.52099E+08
     6      1      6      6              1074.88          1.28533E+07          2.22800E-03          3.52099E+08
     6      1      6      7              1106.52          1.02951E+06          1.89100E-04          3.52099E+08
     6      1      6      8              1136.90          1.00433E+04          1.94700E-06          3.52099E+08
     6      1      6      9              1165.47          5.90430E+02          1.20300E-07          3.52099E+08
     6      1      6     10              1191.55          3.19312E+00          6.80000E-10          3.52099E+08
     6      1      6     11              1214.26          1.66033E-01          3.67200E-11          3.52099E+08
     6      1      6     12              1232.53          1.32041E-01          3.00900E-11          3.52099E+08
     6      1      6     13              1244.95          9.45792E+00          2.19900E-09          3.52099E+08
     7      1      7      0               881.65          6.38789E+07          7.44800E-03          3.51507E+08
     7      1      7      1               913.88          5.91627E+07          7.41200E-03          3.51507E+08
     7      1      7      2               946.47          1.23257E+05          1.65600E-05          3.51507E+08
     7      1      7      3               979.28          5.60108E+07          8.05700E-03          3.51507E+08
     7      1      7      4              1012.12          1.01857E+08          1.56500E-02          3.51507E+08
     7      1      7      5              1044.76          5.68531E+07          9.30800E-03          3.51507E+08
     7      1      7      6              1076.89          1.26457E+07          2.20000E-03          3.51507E+08
     7      1      7      7              1108.15          9.67983E+05          1.78300E-04          3.51507E+08
     7      1      7      8              1138.07          7.30846E+03          1.42000E-06          3.51507E+08
     7      1      7      9              1166.09          6.49031E+02          1.32400E-07          3.51507E+08
     7      1      7     10              1191.47          4.60074E+00          9.79700E-10          3.51507E+08
     7      1      7     11              1213.34          5.11267E-01          1.12900E-10          3.51507E+08
     7      1      7     12              1230.55          5.08499E-02          1.15500E-11          3.51507E+08
     7      1      7     13              1241.55          9.57151E+00          2.21300E-09          3.51507E+08
     8      1      8      0               885.18          6.33169E+07          7.44200E-03          3.50877E+08
     8      1      8      1               917.30          5.91252E+07          7.46200E-03          3.50877E+08
     8      1      8      2               949.74          1.36822E+05          1.85100E-05          3.50877E+08
     8      1      8      3               982.37          5.60307E+07          8.11100E-03          3.50877E+08
     8      1      8      4              1014.98          1.02195E+08          1.57900E-02          3.50877E+08
     8      1      8      5              1047.32          5.67665E+07          9.34000E-03          3.50877E+08
     8      1      8      6              1079.10          1.24027E+07          2.16600E-03          3.50877E+08
     8      1      8      7              1109.93          8.97197E+05          1.65800E-04          3.50877E+08
     8      1      8      8              1139.32          4.79247E+03          9.33100E-07          3.50877E+08
     8      1      8      9              1166.69          7.09802E+02          1.44900E-07          3.50877E+08
     8      1      8     10              1191.28          5.70302E+00          1.21400E-09          3.50877E+08
     8      1      8     11              1212.16          2.29215E+00          5.05200E-10          3.50877E+08
     8      1      8     12              1228.11          1.69203E-01          3.82800E-11          3.50877E+08
     9      1      9      0               889.08          6.27398E+07          7.43900E-03          3.50220E+08
     9      1      9      1               921.07          5.90194E+07          7.51000E-03          3.50220E+08
     9      1      9      2               953.35          1.56597E+05          2.13500E-05          3.50220E+08
     9      1      9      3               985.76          5.60824E+07          8.17500E-03          3.50220E+08
     9      1      9      4              1018.10          1.02666E+08          1.59600E-02          3.50220E+08
     9      1      9      5              1050.12          5.66023E+07          9.36300E-03          3.50220E+08
     9      1      9      6              1081.49          1.21255E+07          2.12700E-03          3.50220E+08
     9      1      9      7              1111.82          8.24509E+05          1.52900E-04          3.50220E+08
     9      1      9      8              1140.61          2.18987E+03          4.27400E-07          3.50220E+08
     9      1      9      9              1167.24          6.99703E+02          1.43000E-07          3.50220E+08
     9      1      9     10              1190.92          3.21935E+01          6.84900E-09          3.50220E+08
     9      1      9     11              1210.66          5.79366E+00          1.27400E-09          3.50220E+08
     9      1      9     12              1225.14          3.27706E+00          7.37800E-10          3.50220E+08
    10      1     10      0               893.33          6.20476E+07          7.42700E-03          3.49552E+08
    10      1     10      1               925.17          5.90225E+07          7.57800E-03          3.49552E+08
    10      1     10      2               957.26          1.74825E+05          2.40300E-05          3.49552E+08
    10      1     10      3               989.44          5.61535E+07          8.24600E-03          3.49552E+08
    10      1     10      4              1021.48          1.03121E+08          1.61400E-02          3.49552E+08
    10      1     10      5              1053.13          5.64973E+07          9.39900E-03          3.49552E+08
    10      1     10      6              1084.04          1.17982E+07          2.08000E-03          3.49552E+08
    10      1     10      7              1113.81          7.35802E+05          1.36900E-04          3.49552E+08
    10      1     10      8              1141.92          7.72003E+02          1.51000E-07          3.49552E+08
    10      1     10      9              1167.70          7.30653E+02          1.49400E-07          3.49552E+08
    10      1     10     10              1190.35          3.26232E+01          6.93400E-09          3.49552E+08
    10      1     10     11              1208.78          6.16109E-01          1.35000E-10          3.49552E+08
    10      1     10     12              1221.49          1.61386E+00          3.61200E-10          3.49552E+08
     1      2      1      0               853.76          7.04082E+07          7.69800E-03          3.53948E+08
     1      2      1      1               885.16          1.03935E+07          1.22100E-03          3.53948E+08
     1      2      1      2               916.97          3.06569E+07          3.86700E-03          3.53948E+08
     1      2      1      3               949.09          3.73573E+07          5.04800E-03          3.53948E+08
     1      2      1      4               981.33          2.99501E+06          4.32600E-04          3.53948E+08
     1      2      1      5              1013.52          7.91016E+07          1.21900E-02          3.53948E+08
     1      2      1      6              1045.39          8.97617E+07          1.47100E-02          3.53948E+08
     1      2      1      7              1076.63          3.01925E+07          5.25000E-03          3.53948E+08
     1      2      1      8              1106.87          3.05128E+06          5.60700E-04          3.53948E+08
     1      2      1      9              1135.61          2.63134E+04          5.09000E-06          3.53948E+08
     1      2      1     10              1162.26          3.45752E+03          7.00600E-07          3.53948E+08
     1      2      1     11              1186.09          9.52498E+01          2.01000E-08          3.53948E+08
     1      2      1     12              1206.21          5.60755E+00          1.22400E-09          3.53948E+08
     1      2      1     13              1221.51          8.39400E+00          1.87900E-09          3.53948E+08
     1      2      1     14              1230.65          1.70873E+02          3.88200E-08          3.53948E+08
     2      2      2      0               854.71          7.02614E+07          7.69900E-03          3.53789E+08
     2      2      2      1               886.09          1.04253E+07          1.22800E-03          3.53789E+08
     2      2      2      2               917.88          3.05989E+07          3.86700E-03          3.53789E+08
     2      2      2      3               949.95          3.73304E+07          5.05300E-03          3.53789E+08
     2      2      2      4               982.15          3.01248E+06          4.35900E-04          3.53789E+08
     2      2      2      5              1014.27          7.92760E+07          1.22300E-02          3.53789E+08
     2      2      2      6              1046.06          8.98223E+07          1.47400E-02          3.53789E+08
     2      2      2      7              1077.21          3.00495E+07          5.23000E-03          3.53789E+08
     2      2      2      8              1107.33          2.98556E+06          5.49100E-04          3.53789E+08
     2      2      2      9              1135.93          2.35998E+04          4.56800E-06          3.53789E+08
     2      2      2     10              1162.40          3.47975E+03          7.05300E-07          3.53789E+08
     2      2      2     11              1186.02          8.25497E+01          1.74200E-08          3.53789E+08
     2      2      2     12              1205.87          1.51147E+00          3.29700E-10          3.53789E+08
     2      2      2     13              1220.84          5.52824E+00          1.23600E-09          3.53789E+08
     2      2      2     14              1229.55          6.90469E+01          1.56600E-08          3.53789E+08
     3      2      3      0               856.13          7.00563E+07          7.70200E-03          3.53560E+08
     3      2      3      1               887.47          1.04668E+07          1.23700E-03          3.53560E+08
     3      2      3      2               919.22          3.04957E+07          3.86500E-03          3.53560E+08
     3      2      3      3               951.23          3.72987E+07          5.06200E-03          3.53560E+08
     3      2      3      4               983.36          3.03646E+06          4.40400E-04          3.53560E+08
     3      2      3      5              1015.39          7.95618E+07          1.23000E-02          3.53560E+08
     3      2      3      6              1047.06          8.99014E+07          1.47800E-02          3.53560E+08
     3      2      3      7              1078.07          2.98282E+07          5.20000E-03          3.53560E+08
     3      2      3      8              1108.01          2.89155E+06          5.32500E-04          3.53560E+08
     3      2      3      9              1136.39          1.96190E+04          3.80000E-06          3.53560E+08
     3      2      3     10              1162.60          3.54160E+03          7.18000E-07          3.53560E+08
     3      2      3     11              1185.90          8.48452E+01          1.79000E-08          3.53560E+08
     3      2      3     12              1205.35          4.17709E-01          9.10300E-11          3.53560E+08
     3      2      3     13              1219.82          4.30084E+00          9.59900E-10          3.53560E+08
     3      2      3     14              1227.85          3.10766E+01          7.02800E-09          3.53560E+08
     4      2      4      0               858.00          6.97834E+07          7.70600E-03          3.53260E+08
     4      2      4      1               889.31          1.05205E+07          1.24800E-03          3.53260E+08
     4      2      4      2               920.99          3.03491E+07          3.86100E-03          3.53260E+08
     4      2      4      3               952.93          3.72631E+07          5.07600E-03          3.53260E+08
     4      2      4      4               984.95          3.06757E+06          4.46400E-04          3.53260E+08
     4      2      4      5              1016.86          7.99587E+07          1.24000E-02          3.53260E+08
     4      2      4      6              1048.38          9.00018E+07          1.48400E-02          3.53260E+08
     4      2      4      7              1079.19          2.95280E+07          5.15800E-03          3.53260E+08
     4      2      4      8              1108.90          2.76887E+06          5.10700E-04          3.53260E+08
     4      2      4      9              1136.99          1.48263E+04          2.87500E-06          3.53260E+08
     4      2      4     10              1162.84          3.61645E+03          7.33500E-07          3.53260E+08
     4      2      4     11              1185.70          9.86950E+01          2.08100E-08          3.53260E+08
     4      2      4     12              1204.62          1.77996E-01          3.87400E-11          3.53260E+08
     4      2      4     13              1218.40          4.42274E+00          9.84800E-10          3.53260E+08
     5      2      5      0               860.33          6.94413E+07          7.71000E-03          3.52900E+08
     5      2      5      1               891.58          1.05933E+07          1.26300E-03          3.52900E+08
     5      2      5      2               923.19          3.01663E+07          3.85600E-03          3.52900E+08
     5      2      5      3               955.02          3.72220E+07          5.09200E-03          3.52900E+08
     5      2      5      4               986.92          3.10734E+06          4.54000E-04          3.52900E+08
     5      2      5      5              1018.67          8.04607E+07          1.25200E-02          3.52900E+08
     5      2      5      6              1049.99          9.01313E+07          1.49100E-02          3.52900E+08
     5      2      5      7              1080.56          2.91481E+07          5.10500E-03          3.52900E+08
     5      2      5      8              1109.96          2.61582E+06          4.83400E-04          3.52900E+08
     5      2      5      9              1137.69          9.85680E+03          1.91400E-06          3.52900E+08
     5      2      5     10              1163.10          3.66724E+03          7.44200E-07          3.52900E+08
     5      2      5     11              1185.41          1.16203E+02          2.44900E-08          3.52900E+08
     5      2      5     12              1203.64          9.88225E-04          2.14800E-13          3.52900E+08
     5      2      5     13              1216.55          1.02248E+01          2.27000E-09          3.52900E+08
     6      2      6      0               863.09          6.90833E+07          7.71900E-03          3.52489E+08
     6      2      6      1               894.27          1.06453E+07          1.27700E-03          3.52489E+08
     6      2      6      2               925.78          2.98694E+07          3.84000E-03          3.52489E+08
     6      2      6      3               957.50          3.72175E+07          5.11800E-03          3.52489E+08
     6      2      6      4               989.24          3.14703E+06          4.62000E-04          3.52489E+08
     6      2      6      5              1020.79          8.11870E+07          1.26900E-02          3.52489E+08
     6      2      6      6              1051.88          9.02129E+07          1.49700E-02          3.52489E+08
     6      2      6      7              1082.15          2.86653E+07          5.03500E-03          3.52489E+08
     6      2      6      8              1111.20          2.45194E+06          4.54100E-04          3.52489E+08
     6      2      6      9              1138.48          4.61745E+03          8.97700E-07          3.52489E+08
     6      2      6     10              1163.34          3.63237E+03          7.37400E-07          3.52489E+08
     6      2      6     11              1184.98          2.47159E+02          5.20600E-08          3.52489E+08
     6      2      6     12              1202.38          2.34335E+01          5.08200E-09          3.52489E+08
     6      2      6     13              1214.20          3.75975E+01          8.31400E-09          3.52489E+08
