# Data for D+ transitions (P and R) 
#  JU 	 VU 	 JL 	 VL 		 lambda [A] 		 Aul [1/s] 		 oscillator strength f 		 Gamma [1/s]
     1      0      2      0               888.25          1.59067E+07          1.12891E-03          3.54793E+08
     1      0      0      0               885.46          2.22335E+07          7.84018E-03          3.54793E+08
     1      0      2      1               922.19          4.37050E+07          3.34334E-03          3.54793E+08
     1      0      0      1               919.33          6.23994E+07          2.37196E-02          3.54793E+08
     1      0      2      2               956.67          4.66364E+07          3.83937E-03          3.54793E+08
     1      0      0      2               953.76          7.13479E+07          2.91901E-02          3.54793E+08
     1      0      2      3               991.56          2.39519E+07          2.11832E-03          3.54793E+08
     1      0      0      3               988.60          4.34042E+07          1.90789E-02          3.54793E+08
     1      0      2      4              1026.70          5.72993E+06          5.43304E-04          3.54793E+08
     1      0      0      4              1023.70          1.53123E+07          7.21710E-03          3.54793E+08
     1      0      2      5              1061.85          4.51509E+05          4.57934E-05          3.54793E+08
     1      0      0      5              1058.83          3.24517E+06          1.63633E-03          3.54793E+08
     1      0      2      6              1096.75          1.45022E+02          1.56913E-08          3.54793E+08
     1      0      0      6              1093.74          4.25589E+05          2.28979E-04          3.54793E+08
     1      0      2      7              1131.04          1.15028E+04          1.32364E-06          3.54793E+08
     1      0      0      7              1128.06          2.96467E+04          1.69677E-05          3.54793E+08
     1      0      2      8              1164.29          1.53163E+03          1.86761E-07          3.54793E+08
     1      0      0      8              1161.38          4.46229E+02          2.70699E-07          3.54793E+08
     1      0      2      9              1195.95          4.41965E+01          5.68619E-09          3.54793E+08
     1      0      0      9              1193.15          8.33323E+00          5.33563E-09          3.54793E+08
     1      0      2     10              1225.33          1.78029E+01          2.40441E-09          3.54793E+08
     1      0      0     10              1222.72          4.10343E-02          2.75917E-11          3.54793E+08
     1      0      2     11              1251.61          6.24157E+01          8.79505E-09          3.54793E+08
     1      0      0     11              1249.24          1.35104E+02          9.48293E-08          3.54793E+08
     1      0      2     12              1273.74          6.65003E+01          9.70490E-09          3.54793E+08
     1      0      0     12              1271.73          1.31316E+02          9.55177E-08          3.54793E+08
     1      0      2     13              1290.45          3.67517E+00          5.50513E-10          3.54793E+08
     1      0      0     13              1288.92          2.97442E+00          2.22247E-09          3.54793E+08
     1      0      2     14              1300.18          2.11138E-02          3.21058E-12          3.54793E+08
     1      0      0     14              1299.34          1.90888E-01          1.44945E-10          3.54793E+08
     2      0      3      0               890.04          2.05480E+07          1.74308E-03          3.54427E+08
     2      0      1      0               885.41          1.74863E+07          3.42528E-03          3.54427E+08
     2      0      3      1               923.97          5.65694E+07          5.17161E-03          3.54427E+08
     2      0      1      1               919.23          4.95675E+07          1.04654E-02          3.54427E+08
     2      0      3      2               958.43          5.95437E+07          5.85713E-03          3.54427E+08
     2      0      1      2               953.59          5.78992E+07          1.31555E-02          3.54427E+08
     2      0      3      3               993.28          2.94768E+07          3.11428E-03          3.54427E+08
     2      0      1      3               988.37          3.72660E+07          9.09617E-03          3.54427E+08
     2      0      3      4              1028.36          6.36465E+06          7.20772E-04          3.54427E+08
     2      0      1      4              1023.39          1.47719E+07          3.86568E-03          3.54427E+08
     2      0      3      5              1063.44          3.15670E+05          3.82289E-05          3.54427E+08
     2      0      1      5              1058.44          3.81276E+06          1.06729E-03          3.54427E+08
     2      0      3      6              1098.24          2.38955E+04          3.08633E-06          3.54427E+08
     2      0      1      6              1093.25          6.70440E+05          2.00219E-04          3.54427E+08
     2      0      3      7              1132.40          3.19168E+04          4.38280E-06          3.54427E+08
     2      0      1      7              1127.47          7.35806E+04          2.33712E-05          3.54427E+08
     2      0      3      8              1165.48          2.80067E+03          4.07384E-07          3.54427E+08
     2      0      1      8              1160.67          2.76890E+03          9.32035E-07          3.54427E+08
     2      0      3      9              1196.93          3.18616E+01          4.88801E-09          3.54427E+08
     2      0      1      9              1192.31          5.68574E+00          2.01964E-09          3.54427E+08
     2      0      3     10              1226.04          2.62559E+01          4.22637E-09          3.54427E+08
     2      0      1     10              1221.73          2.11418E+01          7.88492E-09          3.54427E+08
     2      0      3     11              1251.98          2.47023E-03          4.14629E-13          3.54427E+08
     2      0      1     11              1248.09          1.14603E+00          4.46061E-10          3.54427E+08
     2      0      3     12              1273.68          1.04450E+00          1.81450E-10          3.54427E+08
     2      0      1     12              1270.38          1.26787E-01          5.11272E-11          3.54427E+08
     2      0      3     13              1289.84          1.97589E-01          3.52018E-11          3.54427E+08
     2      0      1     13              1287.37          2.25610E-03          9.34264E-13          3.54427E+08
     2      0      3     14              1298.83          3.96241E-02          7.15804E-12          3.54427E+08
     2      0      1     14              1297.53          8.03308E-03          3.37925E-12          3.54427E+08
     3      0      4      0               892.25          2.33036E+07          2.16327E-03          3.53875E+08
     3      0      2      0               885.81          1.49807E+07          2.46719E-03          3.53875E+08
     3      0      4      1               926.15          6.35250E+07          6.35364E-03          3.53875E+08
     3      0      2      1               919.56          4.15689E+07          7.37766E-03          3.53875E+08
     3      0      4      2               960.57          6.72026E+07          7.23029E-03          3.53875E+08
     3      0      2      2               953.85          5.02143E+07          9.58894E-03          3.53875E+08
     3      0      4      3               995.36          3.26101E+07          3.76726E-03          3.53875E+08
     3      0      2      3               988.53          3.37840E+07          6.92910E-03          3.53875E+08
     3      0      4      4              1030.35          6.34922E+06          7.85967E-04          3.53875E+08
     3      0      2      4              1023.44          1.44299E+07          3.17233E-03          3.53875E+08
     3      0      4      5              1065.32          2.00733E+05          2.65637E-05          3.53875E+08
     3      0      2      5              1058.37          4.45163E+06          1.04660E-03          3.53875E+08
     3      0      4      6              1099.96          6.41140E+04          9.04529E-06          3.53875E+08
     3      0      2      6              1093.04          9.85456E+05          2.47113E-04          3.53875E+08
     3      0      4      7              1133.93          7.34594E+04          1.10138E-05          3.53875E+08
     3      0      2      7              1127.10          1.08245E+05          2.88613E-05          3.53875E+08
     3      0      4      8              1166.77          7.52926E+03          1.19519E-06          3.53875E+08
     3      0      2      8              1160.11          3.13491E+03          8.85543E-07          3.53875E+08
     3      0      4      9              1197.91          1.99994E+03          3.34642E-07          3.53875E+08
     3      0      2      9              1191.54          5.20870E+02          1.55214E-07          3.53875E+08
     3      0      4     10              1226.65          3.60520E+01          6.32535E-09          3.53875E+08
     3      0      2     10              1220.70          5.46864E+01          1.71035E-08          3.53875E+08
     3      0      4     11              1252.11          2.58644E+03          4.72829E-07          3.53875E+08
     3      0      2     11              1246.78          2.72621E+03          8.89452E-07          3.53875E+08
     3      0      4     12              1273.23          1.35445E+03          2.56028E-07          3.53875E+08
     3      0      2     12              1268.73          3.00054E+03          1.01374E-06          3.53875E+08
     3      0      4     13              1288.63          3.11701E+01          6.03547E-09          3.53875E+08
     3      0      2     13              1285.31          3.50623E+01          1.21575E-08          3.53875E+08
     3      0      2     14              1294.97          9.74797E+00          3.43099E-09          3.53875E+08
     4      0      5      0               894.88          2.48549E+07          2.44143E-03          3.53059E+08
     4      0      3      0               886.67          1.31880E+07          1.99849E-03          3.53059E+08
     4      0      5      1               928.73          6.80560E+07          7.20038E-03          3.53059E+08
     4      0      3      1               920.33          3.68688E+07          6.01939E-03          3.53059E+08
     4      0      5      2               963.08          7.25727E+07          8.25671E-03          3.53059E+08
     4      0      3      2               954.52          4.43511E+07          7.78889E-03          3.53059E+08
     4      0      5      3               997.78          3.47484E+07          4.24340E-03          3.53059E+08
     4      0      3      3               989.09          3.09290E+07          5.83225E-03          3.53059E+08
     4      0      5      4              1032.65          6.41787E+06          8.39472E-04          3.53059E+08
     4      0      3      4              1023.86          1.43248E+07          2.89451E-03          3.53059E+08
     4      0      5      5              1067.46          1.36655E+05          1.91000E-05          3.53059E+08
     4      0      3      5              1058.63          4.90372E+06          1.05930E-03          3.53059E+08
     4      0      5      6              1101.90          1.27746E+05          1.90258E-05          3.53059E+08
     4      0      3      6              1093.11          1.27919E+06          2.94622E-04          3.53059E+08
     4      0      5      7              1135.62          1.00879E+05          1.59579E-05          3.53059E+08
     4      0      3      7              1126.95          1.81463E+05          4.44221E-05          3.53059E+08
     4      0      5      8              1168.14          6.64960E+03          1.11300E-06          3.53059E+08
     4      0      3      8              1159.71          5.67396E+03          1.47091E-06          3.53059E+08
     4      0      5      9              1198.89          9.97070E+02          1.75790E-07          3.53059E+08
     4      0      3      9              1190.83          4.03701E+02          1.10348E-07          3.53059E+08
     4      0      5     10              1227.14          9.53153E+01          1.76060E-08          3.53059E+08
     4      0      3     10              1219.65          8.13010E+00          2.33115E-09          3.53059E+08
     4      0      5     11              1252.00          9.36056E+02          1.79978E-07          3.53059E+08
     4      0      3     11              1245.31          1.54329E+03          4.61325E-07          3.53059E+08
     4      0      5     12              1272.36          7.85426E+02          1.55966E-07          3.53059E+08
     4      0      3     12              1266.78          7.19782E+02          2.22642E-07          3.53059E+08
     4      0      5     13              1286.79          8.09335E+01          1.64381E-08          3.53059E+08
     4      0      3     13              1282.77          7.39179E+00          2.34449E-09          3.53059E+08
     4      0      3     14              1291.66          1.53933E+01          4.95029E-09          3.53059E+08
     5      0      6      0               897.91          2.53189E+07          2.58948E-03          3.51905E+08
     5      0      4      0               887.97          1.20934E+07          1.74724E-03          3.51905E+08
     5      0      6      1               931.70          7.15281E+07          7.87653E-03          3.51905E+08
     5      0      4      1               921.54          3.38258E+07          5.26363E-03          3.51905E+08
     5      0      6      2               965.96          7.60035E+07          8.99617E-03          3.51905E+08
     5      0      4      2               955.61          4.00748E+07          6.70563E-03          3.51905E+08
     5      0      6      3              1000.54          3.65669E+07          4.64369E-03          3.51905E+08
     5      0      4      3               990.04          2.82618E+07          5.07586E-03          3.51905E+08
     5      0      6      4              1035.25          6.74084E+06          9.16459E-04          3.51905E+08
     5      0      4      4              1024.65          1.39989E+07          2.69309E-03          3.51905E+08
     5      0      6      5              1069.86          8.43703E+04          1.22503E-05          3.51905E+08
     5      0      4      5              1059.22          5.28411E+06          1.08630E-03          3.51905E+08
     5      0      6      6              1104.05          2.04328E+05          3.15947E-05          3.51905E+08
     5      0      4      6              1093.47          1.51421E+06          3.31745E-04          3.51905E+08
     5      0      6      7              1137.45          1.07719E+05          1.76793E-05          3.51905E+08
     5      0      4      7              1127.03          2.72871E+05          6.35091E-05          3.51905E+08
     5      0      6      8              1169.58          6.44824E+03          1.11895E-06          3.51905E+08
     5      0      4      8              1159.46          1.68168E+04          4.14253E-06          3.51905E+08
     5      0      6      9              1199.85          2.83213E+02          5.17215E-08          3.51905E+08
     5      0      4      9              1190.21          1.61904E+01          4.20254E-09          3.51905E+08
     5      0      6     10              1227.50          2.11203E+02          4.03691E-08          3.51905E+08
     5      0      4     10              1218.57          8.01793E+01          2.18160E-08          3.51905E+08
     5      0      6     11              1251.62          1.54729E+02          3.07483E-08          3.51905E+08
     5      0      4     11              1243.70          9.29399E+01          2.63416E-08          3.51905E+08
     5      0      6     12              1271.04          2.17890E+02          4.46540E-08          3.51905E+08
     5      0      4     12              1264.53          3.34037E+02          9.78721E-08          3.51905E+08
     5      0      6     13              1284.25          3.37214E+01          7.05528E-09          3.51905E+08
     5      0      4     13              1279.73          3.61889E+00          1.08597E-09          3.51905E+08
     6      0      7      0               901.33          2.53799E+07          2.67895E-03          3.50315E+08
     6      0      5      0               889.72          1.17109E+07          1.64250E-03          3.50315E+08
     6      0      7      1               935.04          7.28257E+07          8.27281E-03          3.50315E+08
     6      0      5      1               923.18          3.17991E+07          4.80172E-03          3.50315E+08
     6      0      7      2               969.19          7.88799E+07          9.62698E-03          3.50315E+08
     6      0      5      2               957.11          3.69755E+07          6.00135E-03          3.50315E+08
     6      0      7      3              1003.62          3.84780E+07          5.03568E-03          3.50315E+08
     6      0      5      3               991.38          2.58540E+07          4.50209E-03          3.50315E+08
     6      0      7      4              1038.14          6.98645E+06          9.78310E-04          3.50315E+08
     6      0      5      4              1025.79          1.32244E+07          2.46549E-03          3.50315E+08
     6      0      7      5              1072.50          5.95209E+04          8.89556E-06          3.50315E+08
     6      0      5      5              1060.13          5.52714E+06          1.10059E-03          3.50315E+08
     6      0      7      6              1106.39          2.68582E+05          4.27171E-05          3.50315E+08
     6      0      5      6              1094.10          1.80827E+06          3.83517E-04          3.50315E+08
     6      0      7      7              1139.41          1.37867E+05          2.32557E-05          3.50315E+08
     6      0      5      7              1127.33          3.64730E+05          8.21266E-05          3.50315E+08
     6      0      7      8              1171.07          7.29366E+03          1.29964E-06          3.50315E+08
     6      0      5      8              1159.37          2.60116E+04          6.19474E-06          3.50315E+08
     6      0      7      9              1200.75          6.30832E+02          1.18177E-07          3.50315E+08
     6      0      5      9              1189.66          3.46541E+01          8.68973E-09          3.50315E+08
     6      0      7     10              1227.69          1.22408E+02          2.39717E-08          3.50315E+08
     6      0      5     10              1217.47          2.97337E+02          7.80861E-08          3.50315E+08
     6      0      7     11              1250.92          6.56715E+00          1.33520E-09          3.50315E+08
     6      0      5     11              1241.94          4.30880E-02          1.17750E-11          3.50315E+08
     6      0      7     12              1269.22          4.76978E+00          9.98350E-10          3.50315E+08
     6      0      5     12              1261.96          9.13377E+00          2.57721E-09          3.50315E+08
     6      0      7     13              1280.93          1.11713E+00          2.38158E-10          3.50315E+08
     6      0      5     13              1276.16          4.03567E-02          1.16448E-11          3.50315E+08
     7      0      8      0               905.13          2.47573E+07          2.68301E-03          3.48103E+08
     7      0      6      0               891.91          1.18346E+07          1.62856E-03          3.48103E+08
     7      0      8      1               938.74          7.27608E+07          8.48175E-03          3.48103E+08
     7      0      6      1               925.25          3.11192E+07          4.60839E-03          3.48103E+08
     7      0      8      2               972.75          8.09590E+07          1.01337E-02          3.48103E+08
     7      0      6      2               959.03          3.45196E+07          5.49201E-03          3.48103E+08
     7      0      8      3              1007.00          4.03820E+07          5.41686E-03          3.48103E+08
     7      0      6      3               993.10          2.33666E+07          3.98648E-03          3.48103E+08
     7      0      8      4              1041.29          7.36153E+06          1.05588E-03          3.48103E+08
     7      0      6      4              1027.29          1.21963E+07          2.22650E-03          3.48103E+08
     7      0      8      5              1075.37          4.17919E+04          6.39301E-06          3.48103E+08
     7      0      6      5              1061.36          5.60515E+06          1.09224E-03          3.48103E+08
     7      0      8      6              1108.90          3.62205E+05          5.89164E-05          3.48103E+08
     7      0      6      6              1095.00          2.12276E+06          4.40289E-04          3.48103E+08
     7      0      8      7              1141.47          1.74973E+05          3.01580E-05          3.48103E+08
     7      0      6      7              1127.85          4.91484E+05          1.08148E-04          3.48103E+08
     7      0      8      8              1172.58          8.01325E+03          1.45746E-06          3.48103E+08
     7      0      6      8              1159.43          3.77416E+04          8.77644E-06          3.48103E+08
     7      0      8      9              1201.59          9.81351E+02          1.87430E-07          3.48103E+08
     7      0      6      9              1189.17          4.29611E+01          1.05091E-08          3.48103E+08
     7      0      8     10              1227.69          3.16052E+02          6.30144E-08          3.48103E+08
     7      0      6     10              1216.32          4.68190E+02          1.19819E-07          3.48103E+08
     7      0      8     11              1249.88          4.36890E+00          9.02842E-10          3.48103E+08
     7      0      6     11              1240.00          9.68684E+00          2.57651E-09          3.48103E+08
     7      0      8     12              1266.85          4.30859E+00          9.14720E-10          3.48103E+08
     7      0      6     12              1259.06          1.23813E+00          3.39519E-10          3.48103E+08
     7      0      6     13              1272.03          1.29458E-01          3.62349E-11          3.48103E+08
     8      0      9      0               909.29          2.33275E+07          2.58720E-03          3.44803E+08
     8      0      7      0               894.53          1.26615E+07          1.72145E-03          3.44803E+08
     8      0      9      1               942.78          7.11572E+07          8.48388E-03          3.44803E+08
     8      0      7      1               927.73          3.16590E+07          4.62974E-03          3.44803E+08
     8      0      9      2               976.63          8.21124E+07          1.05057E-02          3.44803E+08
     8      0      7      2               961.34          3.26884E+07          5.13287E-03          3.44803E+08
     8      0      9      3              1010.68          4.24709E+07          5.81926E-03          3.44803E+08
     8      0      7      3               995.20          2.05618E+07          3.46019E-03          3.44803E+08
     8      0      9      4              1044.70          7.85695E+06          1.15025E-03          3.44803E+08
     8      0      7      4              1029.14          1.07127E+07          1.92780E-03          3.44803E+08
     8      0      9      5              1078.44          2.27759E+04          3.55322E-06          3.44803E+08
     8      0      7      5              1062.90          5.56417E+06          1.06806E-03          3.44803E+08
     8      0      9      6              1111.56          5.01931E+05          8.31880E-05          3.44803E+08
     8      0      7      6              1096.17          2.51482E+06          5.13428E-04          3.44803E+08
     8      0      9      7              1143.62          2.32159E+05          4.07290E-05          3.44803E+08
     8      0      7      7              1128.58          6.85364E+05          1.48320E-04          3.44803E+08
     8      0      9      8              1174.10          9.63602E+03          1.78182E-06          3.44803E+08
     8      0      7      8              1159.63          6.02189E+04          1.37590E-05          3.44803E+08
     8      0      9      9              1202.33          2.07308E+03          4.01993E-07          3.44803E+08
     8      0      7      9              1188.73          1.71609E+02          4.12023E-08          3.44803E+08
     8      0      9     10              1227.47          6.03575E+02          1.21986E-07          3.44803E+08
     8      0      7     10              1215.13          7.89765E+02          1.98132E-07          3.44803E+08
     8      0      9     11              1248.46          5.50037E+01          1.14999E-08          3.44803E+08
     8      0      7     11              1237.88          2.54877E+01          6.63592E-09          3.44803E+08
     8      0      9     12              1263.86          5.00449E+01          1.07228E-08          3.44803E+08
     8      0      7     12              1255.79          9.75292E+01          2.61328E-08          3.44803E+08
     8      0      7     13              1267.26          1.77103E+00          4.83248E-10          3.44803E+08
     9      0     10      0               913.82          2.07125E+07          2.34609E-03          3.39380E+08
     9      0      8      0               897.59          1.44961E+07          1.95689E-03          3.39380E+08
     9      0     10      1               947.17          6.72618E+07          8.18488E-03          3.39380E+08
     9      0      8      1               930.63          3.41278E+07          4.95248E-03          3.39380E+08
     9      0     10      2               980.83          8.19580E+07          1.06947E-02          3.39380E+08
     9      0      8      2               964.04          3.10851E+07          4.84070E-03          3.39380E+08
     9      0     10      3              1014.63          4.47975E+07          6.25552E-03          3.39380E+08
     9      0      8      3               997.68          1.70150E+07          2.83774E-03          3.39380E+08
     9      0     10      4              1048.36          8.57179E+06          1.27785E-03          3.39380E+08
     9      0      8      4              1031.32          8.62624E+06          1.53736E-03          3.39380E+08
     9      0     10      5              1081.72          4.12660E+03          6.54954E-07          3.39380E+08
     9      0      8      5              1064.74          5.31293E+06          1.00921E-03          3.39380E+08
     9      0     10      6              1114.36          7.77246E+05          1.30919E-04          3.39380E+08
     9      0      8      6              1097.60          3.10828E+06          6.27436E-04          3.39380E+08
     9      0     10      7              1145.84          3.23452E+05          5.76041E-05          3.39380E+08
     9      0      8      7              1129.50          1.06004E+06          2.26600E-04          3.39380E+08
     9      0     10      8              1175.61          1.30528E+04          2.44694E-06          3.39380E+08
     9      0      8      8              1159.96          1.04948E+05          2.36604E-05          3.39380E+08
     9      0     10      9              1202.96          3.61881E+03          7.10328E-07          3.39380E+08
     9      0      8      9              1188.34          8.46117E+02          2.00204E-07          3.39380E+08
     9      0     10     10              1227.00          2.38272E+03          4.86582E-07          3.39380E+08
     9      0      8     10              1213.86          1.45434E+03          3.59060E-07          3.39380E+08
     9      0     10     11              1246.60          1.21967E+03          2.57091E-07          3.39380E+08
     9      0      8     11              1235.55          9.98481E+01          2.55401E-08          3.39380E+08
     9      0     10     12              1260.12          8.26484E+02          1.78014E-07          3.39380E+08
     9      0      8     12              1252.13          2.39758E+03          6.29845E-07          3.39380E+08
    10      0     11      0               918.71          1.62408E+07          1.87635E-03          3.28219E+08
    10      0      9      0               901.08          1.86655E+07          2.51123E-03          3.28219E+08
    10      0     11      1               951.90          5.79344E+07          7.18565E-03          3.28219E+08
    10      0      9      1               933.95          3.92503E+07          5.67304E-03          3.28219E+08
    10      0     11      2               985.35          7.93004E+07          1.05392E-02          3.28219E+08
    10      0      9      2               967.16          2.95845E+07          4.58547E-03          3.28219E+08
    10      0     11      3              1018.88          4.76138E+07          6.76601E-03          3.28219E+08
    10      0      9      3              1000.53          1.19102E+07          1.97564E-03          3.28219E+08
    10      0     11      4              1052.27          9.33366E+06          1.41467E-03          3.28219E+08
    10      0      9      4              1033.87          5.26997E+06          9.33392E-04          3.28219E+08
    10      0     11      5              1085.20          5.36475E+03          8.64811E-07          3.28219E+08
    10      0      9      5              1066.90          4.76815E+06          8.99340E-04          3.28219E+08
    10      0     11      6              1117.32          1.36874E+06          2.33898E-04          3.28219E+08
    10      0      9      6              1099.30          4.27523E+06          8.56087E-04          3.28219E+08
    10      0     11      7              1148.16          6.05721E+05          1.09301E-04          3.28219E+08
    10      0      9      7              1130.65          1.84234E+06          3.90259E-04          3.28219E+08
    10      0     11      8              1177.12          1.41304E+04          2.68006E-06          3.28219E+08
    10      0      9      8              1160.44          2.11748E+05          4.72485E-05          3.28219E+08
    10      0     11      9              1203.47          1.44160E+04          2.85804E-06          3.28219E+08
    10      0      9      9              1188.01          8.84736E+02          2.06908E-07          3.28219E+08
    10      0     11     10              1226.28          2.72410E+03          5.60724E-07          3.28219E+08
    10      0      9     10              1212.55          5.90877E+03          1.43952E-06          3.28219E+08
    10      0     11     11              1244.27          2.32944E+01          4.93665E-09          3.28219E+08
    10      0      9     11              1233.02          1.08727E+02          2.73906E-08          3.28219E+08
    10      0      9     12              1248.04          1.08469E+01          2.79953E-09          3.28219E+08
    11      0     12      0               924.05          7.92033E+06          9.32781E-04          2.98978E+08
    11      0     10      0               905.08          2.74354E+07          3.69025E-03          2.98978E+08
    11      0     12      1               957.06          3.77192E+07          4.76529E-03          2.98978E+08
    11      0     10      1               937.79          4.96824E+07          7.17425E-03          2.98978E+08
    11      0     12      2               990.29          6.68186E+07          9.03787E-03          2.98978E+08
    11      0     10      2               970.77          2.59502E+07          4.01553E-03          2.98978E+08
    11      0     12      3              1023.53          4.88023E+07          7.05158E-03          2.98978E+08
    11      0     10      3              1003.88          4.21669E+06          6.97748E-04          2.98978E+08
    11      0     12      4              1056.54          1.03199E+07          1.58889E-03          2.98978E+08
    11      0     10      4              1036.88          9.14551E+05          1.61447E-04          2.98978E+08
    11      0     12      5              1089.01          1.37566E+05          2.25021E-05          2.98978E+08
    11      0     10      5              1069.50          3.33677E+06          6.26692E-04          2.98978E+08
    11      0     12      6              1120.55          3.00977E+06          5.21247E-04          2.98978E+08
    11      0     10      6              1101.40          6.71192E+06          1.33691E-03          2.98978E+08
    11      0     12      7              1150.67          1.29908E+06          2.37238E-04          2.98978E+08
    11      0     10      7              1132.15          4.05124E+06          8.52627E-04          2.98978E+08
    11      0     12      8              1178.75          1.63232E+04          3.12819E-06          2.98978E+08
    11      0     10      8              1161.20          5.43332E+05          1.20293E-04          2.98978E+08
    11      0     12      9              1204.00          5.51231E+04          1.10212E-05          2.98978E+08
    11      0     10      9              1187.87          4.19045E+03          9.70877E-07          2.98978E+08
    11      0     12     10              1225.40          9.01704E+03          1.86752E-06          2.98978E+08
    11      0     10     10              1211.31          2.31023E+04          5.56584E-06          2.98978E+08
    11      0     12     11              1241.54          2.73330E-01          5.81109E-11          2.98978E+08
    11      0     10     11              1230.40          3.83800E+02          9.54035E-08          2.98978E+08
    11      0     10     12              1243.58          3.40815E+02          8.65427E-08          2.98978E+08
    12      0     13      0               928.12          4.00260E+07          4.78612E-03          2.96595E+08
    12      0     11      0               907.96          2.08050E+06          2.79496E-04          2.96595E+08
    12      0     13      1               960.82          8.20766E+07          1.05182E-02          2.96595E+08
    12      0     11      1               940.37          4.27039E+03          6.15362E-07          2.96595E+08
    12      0     13      2               993.67          5.02934E+07          6.89338E-03          2.96595E+08
    12      0     11      2               973.00          1.37112E+07          2.11529E-03          2.96595E+08
    12      0     13      3              1026.47          9.53239E+06          1.39420E-03          2.96595E+08
    12      0     11      3              1005.68          4.44636E+07          7.32821E-03          2.96595E+08
    12      0     13      4              1058.94          8.24236E+05          1.28300E-04          2.96595E+08
    12      0     11      4              1038.19          3.52870E+07          6.19785E-03          2.96595E+08
    12      0     13      5              1090.77          1.38743E+06          2.29145E-04          2.96595E+08
    12      0     11      5              1070.24          5.06162E+06          9.44762E-04          2.96595E+08
    12      0     13      6              1121.54          3.24807E+06          5.67140E-04          2.96595E+08
    12      0     11      6              1101.47          1.32557E+06          2.62069E-04          2.96595E+08
    12      0     13      7              1150.74          1.63837E+06          3.01163E-04          2.96595E+08
    12      0     11      7              1131.42          4.27298E+06          8.91350E-04          2.96595E+08
    12      0     13      8              1177.71          2.06437E+04          3.97468E-06          2.96595E+08
    12      0     11      8              1159.53          1.05115E+06          2.30304E-04          2.96595E+08
    12      0     13      9              1201.62          1.53452E+05          3.07568E-05          2.96595E+08
    12      0     11      9              1185.10          5.58827E+03          1.27896E-06          2.96595E+08
    12      0     13     10              1221.34          4.12716E+04          8.54596E-06          2.96595E+08
    12      0     11     10              1207.21          7.94596E+04          1.88703E-05          2.96595E+08
    12      0     11     11              1224.64          3.99574E+03          9.76530E-07          2.96595E+08
    13      0     14      0               934.09          3.65648E+07          4.45313E-03          3.25449E+08
    13      0     12      0               912.76          3.03708E+05          4.09682E-05          3.25449E+08
    13      0     14      1               966.58          8.89860E+07          1.16043E-02          3.25449E+08
    13      0     12      1               944.95          4.85903E+06          7.02509E-04          3.25449E+08
    13      0     14      2               999.15          7.29902E+07          1.01706E-02          3.25449E+08
    13      0     12      2               977.33          2.10540E+07          3.25609E-03          3.25449E+08
    13      0     14      3              1031.58          2.33837E+07          3.47330E-03          3.25449E+08
    13      0     12      3              1009.69          3.67522E+07          6.06655E-03          3.25449E+08
    13      0     14      4              1063.60          3.00351E+06          4.74252E-04          3.25449E+08
    13      0     12      4              1041.80          2.72838E+07          4.79465E-03          3.25449E+08
    13      0     14      5              1094.86          6.12995E+05          1.02565E-04          3.25449E+08
    13      0     12      5              1073.36          6.36825E+06          1.18793E-03          3.25449E+08
    13      0     14      6              1124.93          8.50938E+05          1.50305E-04          3.25449E+08
    13      0     12      6              1103.99          1.12324E+04          2.21658E-06          3.25449E+08
    13      0     14      7              1153.26          4.90534E+05          9.10638E-05          3.25449E+08
    13      0     12      7              1133.21          1.27077E+06          2.64222E-04          3.25449E+08
    13      0     14      8              1179.14          5.28678E+02          1.02599E-07          3.25449E+08
    13      0     12      8              1160.43          4.24063E+05          9.24594E-05          3.25449E+08
    13      0     14      9              1201.66          1.19924E+05          2.41709E-05          3.25449E+08
    13      0     12      9              1184.89          7.12284E+03          1.61918E-06          3.25449E+08
    13      0     14     10              1219.57          3.77717E+04          7.84152E-06          3.25449E+08
    13      0     12     10              1205.62          6.58371E+04          1.54943E-05          3.25449E+08
    13      0     12     11              1221.24          5.08889E+03          1.22887E-06          3.25449E+08
     1      1      2      0               871.07          2.35469E+07          1.60711E-03          3.54138E+08
     1      1      0      0               868.38          4.47421E+07          1.51747E-02          3.54138E+08
     1      1      2      1               903.68          1.99626E+07          1.46641E-03          3.54138E+08
     1      1      0      1               900.94          3.50690E+07          1.28025E-02          3.54138E+08
     1      1      2      2               936.77          2.29459E+05          1.81125E-05          3.54138E+08
     1      1      0      2               933.97          8.43539E+04          3.30944E-05          3.54138E+08
     1      1      2      3               970.20          1.99604E+07          1.69005E-03          3.54138E+08
     1      1      0      3               967.36          3.59090E+07          1.51133E-02          3.54138E+08
     1      1      2      4              1003.81          3.96952E+07          3.59790E-03          3.54138E+08
     1      1      0      4              1000.94          6.50721E+07          2.93218E-02          3.54138E+08
     1      1      2      5              1037.39          1.99828E+07          1.93441E-03          3.54138E+08
     1      1      0      5              1034.51          3.37608E+07          1.62502E-02          3.54138E+08
     1      1      2      6              1070.67          4.01095E+06          4.13589E-04          3.54138E+08
     1      1      0      6              1067.80          9.01231E+06          4.62163E-03          3.54138E+08
     1      1      2      7              1103.33          2.06104E+05          2.25686E-05          3.54138E+08
     1      1      0      7              1100.49          1.72998E+06          9.42312E-04          3.54138E+08
     1      1      2      8              1134.94          9.30504E+04          1.07814E-05          3.54138E+08
     1      1      0      8              1132.18          3.87691E+04          2.23509E-05          3.54138E+08
     1      1      2      9              1165.00          1.77814E+04          2.17085E-06          3.54138E+08
     1      1      0      9              1162.35          1.38035E+03          8.38775E-07          3.54138E+08
     1      1      2     10              1192.87          2.94347E+04          3.76752E-06          3.54138E+08
     1      1      0     10              1190.39          4.55463E+04          2.90277E-05          3.54138E+08
     1      1      2     11              1217.76          8.91638E+03          1.18938E-06          3.54138E+08
     1      1      0     11              1215.52          2.08235E+04          1.38375E-05          3.54138E+08
     1      1      2     12              1238.70          1.85022E+04          2.55365E-06          3.54138E+08
     1      1      0     12              1236.80          1.16597E+04          8.02162E-06          3.54138E+08
     1      1      2     13              1254.50          2.57226E+05          3.64135E-05          3.54138E+08
     1      1      0     13              1253.05          5.71742E+05          4.03756E-04          3.54138E+08
     1      1      2     14              1263.69          1.49036E+04          2.14083E-06          3.54138E+08
     1      1      0     14              1262.90          1.91082E+04          1.37068E-05          3.54138E+08
     2      1      3      0               872.87          2.67890E+07          2.18566E-03          3.51354E+08
     2      1      1      0               868.42          3.86172E+07          7.27686E-03          3.51354E+08
     2      1      3      1               905.48          2.65736E+07          2.33310E-03          3.51354E+08
     2      1      1      1               900.93          3.23757E+07          6.56606E-03          3.51354E+08
     2      1      3      2               938.55          2.13026E+05          2.00943E-05          3.51354E+08
     2      1      1      2               933.91          1.81217E+02          3.94926E-08          3.51354E+08
     2      1      3      3               971.95          2.41206E+07          2.44007E-03          3.51354E+08
     2      1      1      3               967.24          3.15553E+07          7.37644E-03          3.51354E+08
     2      1      3      4              1005.51          4.80265E+07          5.19974E-03          3.51354E+08
     2      1      1      4              1000.75          5.20218E+07          1.30181E-02          3.51354E+08
     2      1      3      5              1039.02          2.67878E+07          3.09681E-03          3.51354E+08
     2      1      1      5              1034.25          2.92068E+07          7.80617E-03          3.51354E+08
     2      1      3      6              1072.21          4.60066E+06          5.66386E-04          3.51354E+08
     2      1      1      6              1067.46          8.37042E+06          2.38316E-03          3.51354E+08
     2      1      3      7              1104.75          2.63369E+04          3.44210E-06          3.51354E+08
     2      1      1      7              1100.06          1.64039E+06          4.96002E-04          3.51354E+08
     2      1      3      8              1136.21          1.26662E+05          1.75104E-05          3.51354E+08
     2      1      1      8              1131.64          2.55173E+05          8.16502E-05          3.51354E+08
     2      1      3      9              1166.08          2.36934E+04          3.44994E-06          3.51354E+08
     2      1      1      9              1161.70          1.77604E+04          5.98887E-06          3.51354E+08
     2      1      3     10              1193.69          1.65855E+03          2.53072E-07          3.51354E+08
     2      1      1     10              1189.60          1.25533E+02          4.43883E-08          3.51354E+08
     2      1      3     11              1218.26          1.04979E+03          1.66846E-07          3.51354E+08
     2      1      1     11              1214.58          1.22633E+03          4.52031E-07          3.51354E+08
     2      1      3     12              1238.80          5.85329E+01          9.61907E-09          3.51354E+08
     2      1      1     12              1235.69          2.41949E+00          9.23096E-10          3.51354E+08
     2      1      3     13              1254.09          2.52553E+02          4.25341E-08          3.51354E+08
     2      1      1     13              1251.75          5.67080E+02          2.22016E-07          3.51354E+08
     2      1      3     14              1262.58          1.42068E+01          2.42519E-09          3.51354E+08
     2      1      1     14              1261.35          1.75805E+01          6.98891E-09          3.51354E+08
     3      1      4      0               875.12          2.73525E+07          2.44253E-03          3.47866E+08
     3      1      2      0               868.92          3.74469E+07          5.93422E-03          3.47866E+08
     3      1      4      1               907.70          2.84624E+07          2.73447E-03          3.47866E+08
     3      1      2      1               901.37          2.99277E+07          5.10352E-03          3.47866E+08
     3      1      4      2               940.74          3.68781E+05          3.80556E-05          3.47866E+08
     3      1      2      2               934.29          3.21466E+04          5.88958E-06          3.47866E+08
     3      1      4      3               974.08          2.53528E+07          2.80499E-03          3.47866E+08
     3      1      2      3               967.54          2.98706E+07          5.86906E-03          3.47866E+08
     3      1      4      4              1007.57          5.34160E+07          6.32316E-03          3.47866E+08
     3      1      2      4              1000.96          4.54926E+07          9.56672E-03          3.47866E+08
     3      1      4      5              1040.98          3.02611E+07          3.82368E-03          3.47866E+08
     3      1      2      5              1034.35          2.45317E+07          5.50869E-03          3.47866E+08
     3      1      4      6              1074.04          4.72097E+06          6.35014E-04          3.47866E+08
     3      1      2      6              1067.44          7.62448E+06          1.82339E-03          3.47866E+08
     3      1      4      7              1106.40          9.76554E+02          1.39391E-07          3.47866E+08
     3      1      2      7              1099.89          2.08458E+06          5.29304E-04          3.47866E+08
     3      1      4      8              1137.64          2.89399E+05          4.36740E-05          3.47866E+08
     3      1      2      8              1131.31          5.22995E+05          1.40490E-04          3.47866E+08
     3      1      4      9              1167.23          4.32463E+04          6.87027E-06          3.47866E+08
     3      1      2      9              1161.17          5.31442E+04          1.50396E-05          3.47866E+08
     3      1      4     10              1194.50          4.20161E+03          6.99035E-07          3.47866E+08
     3      1      2     10              1188.86          4.98528E+02          1.47888E-07          3.47866E+08
     3      1      4     11              1218.63          2.84480E+03          4.92616E-07          3.47866E+08
     3      1      2     11              1213.57          3.09820E+03          9.57694E-07          3.47866E+08
     3      1      4     12              1238.62          5.35513E+01          9.57983E-09          3.47866E+08
     3      1      2     12              1234.37          3.95083E+01          1.26346E-08          3.47866E+08
     3      1      4     13              1253.20          1.20549E+02          2.20757E-08          3.47866E+08
     3      1      2     13              1250.06          3.16244E+02          1.03721E-07          3.47866E+08
     3      1      2     14              1259.19          9.40811E+00          3.13089E-09          3.47866E+08
     4      1      5      0               877.81          2.52599E+07          2.38749E-03          3.41443E+08
     4      1      3      0               869.91          3.85437E+07          5.62218E-03          3.41443E+08
     4      1      5      1               910.37          2.82800E+07          2.87488E-03          3.41443E+08
     4      1      3      1               902.30          2.89836E+07          4.54833E-03          3.41443E+08
     4      1      5      2               943.35          6.28704E+05          6.86271E-05          3.41443E+08
     4      1      3      2               935.13          1.68567E+05          2.84130E-05          3.41443E+08
     4      1      5      3               976.61          2.44883E+07          2.86492E-03          3.41443E+08
     4      1      3      3               968.28          2.98916E+07          5.40200E-03          3.41443E+08
     4      1      5      4              1010.00          5.64438E+07          7.06256E-03          3.41443E+08
     4      1      3      4              1001.59          4.00925E+07          7.75251E-03          3.41443E+08
     4      1      5      5              1043.27          3.33261E+07          4.44920E-03          3.41443E+08
     4      1      3      5              1034.83          1.96326E+07          4.05248E-03          3.41443E+08
     4      1      5      6              1076.15          4.76987E+06          6.77573E-04          3.41443E+08
     4      1      3      6              1067.76          6.49397E+06          1.42711E-03          3.41443E+08
     4      1      5      7              1108.28          7.01572E+04          1.05701E-05          3.41443E+08
     4      1      3      7              1100.02          2.57068E+06          5.99586E-04          3.41443E+08
     4      1      5      8              1139.24          5.69061E+05          9.05927E-05          3.41443E+08
     4      1      3      8              1131.21          9.89168E+05          2.43982E-04          3.41443E+08
     4      1      5      9              1168.46          7.19624E+04          1.20515E-05          3.41443E+08
     4      1      3      9              1160.81          1.32540E+05          3.44246E-05          3.41443E+08
     4      1      5     10              1195.28          1.03959E+04          1.82183E-06          3.41443E+08
     4      1      3     10              1188.17          1.53707E+03          4.18267E-07          3.41443E+08
     4      1      5     11              1218.85          7.93250E+03          1.44551E-06          3.41443E+08
     4      1      3     11              1212.51          7.00592E+03          1.98536E-06          3.41443E+08
     4      1      5     12              1238.13          4.58747E+00          8.62614E-10          3.41443E+08
     4      1      3     12              1232.86          2.81821E+02          8.25657E-08          3.41443E+08
     4      1      5     13              1251.80          1.40726E+02          2.70490E-08          3.41443E+08
     4      1      3     13              1247.99          1.06490E+02          3.19695E-08          3.41443E+08
     4      1      3     14              1256.41          4.63361E-01          1.40988E-10          3.41443E+08
     5      1      6      0               880.97          1.99849E+07          1.96757E-03          3.28529E+08
     5      1      4      0               871.40          4.23895E+07          5.89801E-03          3.28529E+08
     5      1      6      1               913.48          2.51539E+07          2.66261E-03          3.28529E+08
     5      1      4      1               903.71          2.92298E+07          4.37415E-03          3.28529E+08
     5      1      6      2               946.39          1.14308E+06          1.29874E-04          3.28529E+08
     5      1      4      2               936.45          5.66998E+05          9.11085E-05          3.28529E+08
     5      1      6      3               979.56          2.09565E+07          2.55085E-03          3.28529E+08
     5      1      4      3               969.49          3.17161E+07          5.46225E-03          3.28529E+08
     5      1      6      4              1012.80          5.67898E+07          7.38973E-03          3.28529E+08
     5      1      4      4              1002.65          3.46259E+07          6.37837E-03          3.28529E+08
     5      1      6      5              1045.90          3.61975E+07          5.02304E-03          3.28529E+08
     5      1      4      5              1035.73          1.34826E+07          2.65018E-03          3.28529E+08
     5      1      6      6              1078.56          4.85606E+06          7.16602E-04          3.28529E+08
     5      1      4      6              1068.45          4.57213E+06          9.56395E-04          3.28529E+08
     5      1      6      7              1110.41          3.07719E+05          4.81316E-05          3.28529E+08
     5      1      4      7              1100.48          3.09997E+06          6.87902E-04          3.28529E+08
     5      1      6      8              1141.01          1.11357E+06          1.83910E-04          3.28529E+08
     5      1      4      8              1131.38          1.84807E+06          4.33454E-04          3.28529E+08
     5      1      6      9              1169.80          1.17627E+05          2.04190E-05          3.28529E+08
     5      1      4      9              1160.64          3.04575E+05          7.51785E-05          3.28529E+08
     5      1      6     10              1196.07          2.95001E+04          5.35354E-06          3.28529E+08
     5      1      4     10              1187.59          3.30992E+03          8.55382E-07          3.28529E+08
     5      1      6     11              1218.95          1.79373E+04          3.38094E-06          3.28529E+08
     5      1      4     11              1211.45          2.10998E+04          5.67406E-06          3.28529E+08
     5      1      6     12              1237.37          6.40337E+01          1.24369E-08          3.28529E+08
     5      1      4     12              1231.20          5.71118E+02          1.58631E-07          3.28529E+08
     5      1      6     13              1249.89          1.52510E+01          3.02237E-09          3.28529E+08
     5      1      4     13              1245.60          1.85539E+02          5.27472E-08          3.28529E+08
     6      1      7      0               884.64          1.07925E+07          1.09740E-03          3.01024E+08
     6      1      5      0               873.46          4.91627E+07          6.64549E-03          3.01024E+08
     6      1      7      1               917.09          1.77861E+07          1.94364E-03          3.01024E+08
     6      1      5      1               905.68          3.02349E+07          4.39410E-03          3.01024E+08
     6      1      7      2               949.92          2.08983E+06          2.45015E-04          3.01024E+08
     6      1      5      2               938.32          1.61457E+06          2.51864E-04          3.01024E+08
     6      1      7      3               982.97          1.36141E+07          1.70915E-03          3.01024E+08
     6      1      5      3               971.23          3.53526E+07          5.90842E-03          3.01024E+08
     6      1      7      4              1016.06          5.12627E+07          6.87626E-03          3.01024E+08
     6      1      5      4              1004.23          2.73541E+07          4.88766E-03          3.01024E+08
     6      1      7      5              1048.96          3.80584E+07          5.44095E-03          3.01024E+08
     6      1      5      5              1037.12          5.89921E+06          1.12424E-03          3.01024E+08
     6      1      7      6              1081.35          4.88125E+06          7.41607E-04          3.01024E+08
     6      1      5      6              1069.61          1.83218E+06          3.71386E-04          3.01024E+08
     6      1      7      7              1112.87          8.87699E+05          1.42846E-04          3.01024E+08
     6      1      5      7              1101.35          3.47362E+06          7.46518E-04          3.01024E+08
     6      1      7      8              1143.06          2.14003E+06          3.63300E-04          3.01024E+08
     6      1      5      8              1131.91          3.48689E+06          7.91538E-04          3.01024E+08
     6      1      7      9              1171.32          1.87801E+05          3.34780E-05          3.01024E+08
     6      1      5      9              1160.76          7.03555E+05          1.67954E-04          3.01024E+08
     6      1      7     10              1196.94          8.94840E+04          1.66571E-05          3.01024E+08
     6      1      5     10              1187.22          1.02858E+04          2.56868E-06          3.01024E+08
     6      1      7     11              1219.01          4.78022E+04          9.22937E-06          3.01024E+08
     6      1      5     11              1210.47          5.98018E+04          1.55251E-05          3.01024E+08
     6      1      7     12              1236.38          1.02592E+02          2.03764E-08          3.01024E+08
     6      1      5     12              1229.49          1.91201E+03          5.12092E-07          3.01024E+08
     6      1      7     13              1247.49          6.07895E+00          1.22917E-09          3.01024E+08
     6      1      5     13              1242.96          2.32664E+02          6.36875E-08          3.01024E+08
     8      1      9      0               891.58          6.13059E+07          6.53697E-03          3.08486E+08
     8      1      7      0               877.39          1.08939E+06          1.42489E-04          3.08486E+08
     8      1      9      1               923.75          4.63755E+07          5.30829E-03          3.08486E+08
     8      1      7      1               909.30          3.66614E+06          5.15036E-04          3.08486E+08
     8      1      9      2               956.23          5.52551E+05          6.77716E-05          3.08486E+08
     8      1      7      2               941.56          2.16594E+06          3.26255E-04          3.08486E+08
     8      1      9      3               988.84          4.76640E+07          6.25166E-03          3.08486E+08
     8      1      7      3               974.02          1.37106E+06          2.21009E-04          3.08486E+08
     8      1      9      4              1021.39          4.49219E+07          6.28627E-03          3.08486E+08
     8      1      7      4              1006.51          2.28747E+07          3.93734E-03          3.08486E+08
     8      1      9      5              1053.62          8.93860E+06          1.33103E-03          3.08486E+08
     8      1      7      5              1038.77          4.08284E+07          7.48546E-03          3.08486E+08
     8      1      9      6              1085.20          5.62264E+05          8.88207E-05          3.08486E+08
     8      1      7      6              1070.53          2.02840E+07          3.94974E-03          3.08486E+08
     8      1      9      7              1115.74          7.47632E+05          1.24844E-04          3.08486E+08
     8      1      7      7              1101.42          1.01738E+06          2.09702E-04          3.08486E+08
     8      1      9      8              1144.74          1.23800E+06          2.17613E-04          3.08486E+08
     8      1      7      8              1130.98          1.25918E+06          2.73659E-04          3.08486E+08
     8      1      9      9              1171.56          1.18058E+05          2.17358E-05          3.08486E+08
     8      1      7      9              1158.64          8.97142E+05          2.04631E-04          3.08486E+08
     8      1      9     10              1195.41          2.15841E+05          4.13737E-05          3.08486E+08
     8      1      7     10              1183.70          9.31509E+03          2.21761E-06          3.08486E+08
     8      1      9     11              1215.31          1.68031E+05          3.32901E-05          3.08486E+08
     8      1      7     11              1205.28          1.90602E+05          4.70455E-05          3.08486E+08
     8      1      9     12              1229.89          2.58872E+03          5.25260E-07          3.08486E+08
     8      1      7     12              1222.26          2.03626E+04          5.16862E-06          3.08486E+08
     8      1      7     13              1233.11          1.04196E+02          2.69198E-08          3.08486E+08
     9      1     10      0               896.30          5.59226E+07          6.09374E-03          3.21760E+08
     9      1      8      0               880.68          5.38771E+06          7.00164E-04          3.21760E+08
     9      1     10      1               928.36          4.73825E+07          5.53911E-03          3.21760E+08
     9      1      8      1               912.46          7.12637E+06          9.94173E-04          3.21760E+08
     9      1     10      2               960.67          6.60865E+04          8.27287E-06          3.21760E+08
     9      1      8      2               944.56          8.57911E+05          1.28253E-04          3.21760E+08
     9      1     10      3               993.08          4.69338E+07          6.27835E-03          3.21760E+08
     9      1      8      3               976.83          4.51349E+06          7.21626E-04          3.21760E+08
     9      1     10      4              1025.36          5.57169E+07          7.94572E-03          3.21760E+08
     9      1      8      4              1009.06          2.47027E+07          4.21448E-03          3.21760E+08
     9      1     10      5              1057.25          1.49604E+07          2.26826E-03          3.21760E+08
     9      1      8      5              1041.03          3.48362E+07          6.32584E-03          3.21760E+08
     9      1     10      6              1088.42          9.07787E+05          1.45870E-04          3.21760E+08
     9      1      8      6              1072.42          1.82560E+07          3.51801E-03          3.21760E+08
     9      1     10      7              1118.43          2.01832E+05          3.42453E-05          3.21760E+08
     9      1      8      7              1102.86          1.95140E+06          3.97694E-04          3.21760E+08
     9      1     10      8              1146.77          4.47879E+05          7.98927E-05          3.21760E+08
     9      1      8      8              1131.87          3.46609E+05          7.44045E-05          3.21760E+08
     9      1     10      9              1172.78          3.52646E+04          6.57907E-06          3.21760E+08
     9      1      8      9              1158.88          5.02097E+05          1.12987E-04          3.21760E+08
     9      1     10     10              1195.62          2.32465E+05          4.50752E-05          3.21760E+08
     9      1      8     10              1183.14          1.31106E+04          3.07509E-06          3.21760E+08
     9      1     10     11              1214.22          2.06162E+05          4.12283E-05          3.21760E+08
     9      1      8     11              1203.74          2.09518E+05          5.08681E-05          3.21760E+08
     9      1     10     12              1227.05          6.82346E+03          1.39355E-06          3.21760E+08
     9      1      8     12              1219.47          3.52421E+04          8.78142E-06          3.21760E+08
    10      1     11      0               901.32          4.73929E+07          5.27010E-03          3.19133E+08
    10      1      9      0               884.34          1.13309E+07          1.46834E-03          3.19133E+08
    10      1     11      1               933.24          4.48635E+07          5.34845E-03          3.19133E+08
    10      1      9      1               915.98          1.03567E+07          1.43986E-03          3.19133E+08
    10      1     11      2               965.37          2.76027E+04          3.52119E-06          3.19133E+08
    10      1      9      2               947.90          1.50489E+05          2.24056E-05          3.19133E+08
    10      1     11      3               997.54          4.33309E+07          5.90208E-03          3.19133E+08
    10      1      9      3               979.94          8.21263E+06          1.30679E-03          3.19133E+08
    10      1     11      4              1029.51          6.16163E+07          8.93942E-03          3.19133E+08
    10      1      9      4              1011.90          2.38096E+07          4.03969E-03          3.19133E+08
    10      1     11      5              1061.02          1.92996E+07          2.97402E-03          3.19133E+08
    10      1      9      5              1043.52          2.72023E+07          4.90829E-03          3.19133E+08
    10      1     11      6              1091.70          9.30233E+05          1.51757E-04          3.19133E+08
    10      1      9      6              1074.49          1.56235E+07          2.98889E-03          3.19133E+08
    10      1     11      7              1121.12          2.21361E+03          3.80850E-07          3.19133E+08
    10      1      9      7              1104.43          2.95684E+06          5.97620E-04          3.19133E+08
    10      1     11      8              1148.72          1.20261E+05          2.17221E-05          3.19133E+08
    10      1      9      8              1132.83          2.42344E+04          5.15329E-06          3.19133E+08
    10      1     11      9              1173.80          5.10702E+03          9.63181E-07          3.19133E+08
    10      1      9      9              1159.09          3.08924E+05          6.87713E-05          3.19133E+08
    10      1     11     10              1195.49          4.15349E+05          8.12552E-05          3.19133E+08
    10      1      9     10              1182.43          2.69182E+04          6.23625E-06          3.19133E+08
    10      1     11     11              1212.58          5.12603E+05          1.03170E-04          3.19133E+08
    10      1      9     11              1201.89          4.13763E+05          9.90393E-05          3.19133E+08
    10      1      9     12              1216.16          1.47948E+05          3.62588E-05          3.19133E+08
     1      2      2      0               855.45          2.97353E+07          1.95735E-03          3.51967E+08
     1      2      0      0               852.86          4.04673E+07          1.32386E-02          3.51967E+08
     1      2      2      1               886.88          4.34012E+06          3.07075E-04          3.51967E+08
     1      2      0      1               884.24          6.01620E+06          2.11566E-03          3.51967E+08
     1      2      2      2               918.73          1.30391E+07          9.89997E-04          3.51967E+08
     1      2      0      2               916.04          1.75239E+07          6.61367E-03          3.51967E+08
     1      2      2      3               950.87          1.50773E+07          1.22623E-03          3.51967E+08
     1      2      0      3               948.14          2.20322E+07          8.90803E-03          3.51967E+08
     1      2      2      4               983.13          1.63272E+06          1.41951E-04          3.51967E+08
     1      2      0      4               980.38          1.43497E+06          6.20307E-04          3.51967E+08
     1      2      2      5              1015.31          3.19622E+07          2.96378E-03          3.51967E+08
     1      2      0      5              1012.55          4.64632E+07          2.14252E-02          3.51967E+08
     1      2      2      6              1047.17          3.04523E+07          3.00377E-03          3.51967E+08
     1      2      0      6              1044.43          5.81748E+07          2.85411E-02          3.51967E+08
     1      2      2      7              1078.39          7.63092E+06          7.98252E-04          3.51967E+08
     1      2      0      7              1075.68          2.26111E+07          1.17671E-02          3.51967E+08
     1      2      2      8              1108.58          5.12647E+05          5.66707E-05          3.51967E+08
     1      2      0      8              1105.94          2.71907E+06          1.49576E-03          3.51967E+08
     1      2      2      9              1137.24          2.62173E+04          3.05000E-06          3.51967E+08
     1      2      0      9              1134.71          8.73152E+03          5.05639E-06          3.51967E+08
     1      2      2     10              1163.78          8.36012E+03          1.01850E-06          3.51967E+08
     1      2      0     10              1161.42          2.25457E+04          1.36779E-05          3.51967E+08
     1      2      2     11              1187.45          8.63357E+03          1.09504E-06          3.51967E+08
     1      2      0     11              1185.33          3.69680E+03          2.33604E-06          3.51967E+08
     1      2      2     12              1207.35          3.72323E+04          4.88199E-06          3.51967E+08
     1      2      0     12              1205.55          1.75933E+04          1.14999E-05          3.51967E+08
     1      2      2     13              1222.36          5.40232E+03          7.26083E-07          3.51967E+08
     1      2      0     13              1220.99          2.98475E+03          2.00130E-06          3.51967E+08
     1      2      2     14              1231.09          1.79126E+01          2.44200E-09          3.51967E+08
     1      2      0     14              1230.33          1.35294E+02          9.21092E-08          3.51967E+08
     2      2      3      0               857.20          3.74013E+07          2.94296E-03          3.48778E+08
     2      2      1      0               852.91          3.23220E+07          5.87506E-03          3.48778E+08
     2      2      3      1               888.63          5.60339E+06          4.73831E-04          3.48778E+08
     2      2      1      1               884.25          4.73390E+06          9.24858E-04          3.48778E+08
     2      2      3      2               920.46          1.63322E+07          1.48178E-03          3.48778E+08
     2      2      1      2               916.00          1.39623E+07          2.92722E-03          3.48778E+08
     2      2      3      3               952.56          1.90801E+07          1.85395E-03          3.48778E+08
     2      2      1      3               948.04          1.76829E+07          3.97114E-03          3.48778E+08
     2      2      3      4               984.78          2.11600E+06          2.19747E-04          3.48778E+08
     2      2      1      4               980.22          1.01763E+06          2.44310E-04          3.48778E+08
     2      2      3      5              1016.90          4.04535E+07          4.47964E-03          3.48778E+08
     2      2      1      5              1012.33          3.72298E+07          9.53321E-03          3.48778E+08
     2      2      3      6              1048.67          3.69853E+07          4.35553E-03          3.48778E+08
     2      2      1      6              1044.12          4.99863E+07          1.36164E-02          3.48778E+08
     2      2      3      7              1079.78          8.25970E+06          1.03125E-03          3.48778E+08
     2      2      1      7              1075.29          2.17957E+07          6.29696E-03          3.48778E+08
     2      2      3      8              1109.82          4.05346E+05          5.34635E-05          3.48778E+08
     2      2      1      8              1105.45          3.09058E+06          9.43681E-04          3.48778E+08
     2      2      3      9              1138.29          2.58211E+04          3.58269E-06          3.48778E+08
     2      2      1      9              1134.12          9.16239E+03          2.94462E-06          3.48778E+08
     2      2      3     10              1164.59          1.52856E+04          2.22003E-06          3.48778E+08
     2      2      1     10              1160.70          4.58305E+04          1.54276E-05          3.48778E+08
     2      2      3     11              1187.97          2.55679E+04          3.86396E-06          3.48778E+08
     2      2      1     11              1184.47          9.04767E+03          3.17167E-06          3.48778E+08
     2      2      3     12              1207.49          9.83767E+04          1.53598E-05          3.48778E+08
     2      2      1     12              1204.53          6.14783E+04          2.22875E-05          3.48778E+08
     2      2      3     13              1222.00          1.55056E+04          2.47950E-06          3.48778E+08
     2      2      1     13              1219.78          1.35877E+04          5.05148E-06          3.48778E+08
     2      2      3     14              1230.07          1.48206E+01          2.40135E-09          3.48778E+08
     2      2      1     14              1228.90          8.51073E+01          3.21149E-08          3.48778E+08
     3      2      4      0               859.41          3.99870E+07          3.44374E-03          3.44904E+08
     3      2      2      0               853.43          2.89174E+07          4.42064E-03          3.44904E+08
     3      2      4      1               890.82          6.33482E+06          5.86170E-04          3.44904E+08
     3      2      2      1               884.72          4.06148E+06          6.67239E-04          3.44904E+08
     3      2      4      2               922.61          1.73210E+07          1.71919E-03          3.44904E+08
     3      2      2      2               916.41          1.26588E+07          2.23129E-03          3.44904E+08
     3      2      4      3               954.66          2.10591E+07          2.23796E-03          3.44904E+08
     3      2      2      3               948.38          1.53143E+07          2.89098E-03          3.44904E+08
     3      2      4      4               986.80          2.19795E+06          2.49570E-04          3.44904E+08
     3      2      2      4               980.47          9.39429E+05          1.89546E-04          3.44904E+08
     3      2      4      5              1018.83          4.46157E+07          5.40012E-03          3.44904E+08
     3      2      2      5              1012.48          3.22919E+07          6.94784E-03          3.44904E+08
     3      2      4      6              1050.47          4.06201E+07          5.22667E-03          3.44904E+08
     3      2      2      6              1044.16          4.46521E+07          1.02179E-02          3.44904E+08
     3      2      4      7              1081.41          8.36384E+06          1.14052E-03          3.44904E+08
     3      2      2      7              1075.19          2.11418E+07          5.12981E-03          3.44904E+08
     3      2      4      8              1111.24          2.49477E+05          3.59219E-05          3.44904E+08
     3      2      2      8              1105.20          3.54946E+06          9.09969E-04          3.44904E+08
     3      2      4      9              1139.45          1.07938E+04          1.63410E-06          3.44904E+08
     3      2      2      9              1133.68          2.85089E+04          7.69038E-06          3.44904E+08
     3      2      4     10              1165.42          1.54945E+04          2.45390E-06          3.44904E+08
     3      2      2     10              1160.05          5.90472E+04          1.66778E-05          3.44904E+08
     3      2      4     11              1188.38          6.04776E+04          9.95913E-06          3.44904E+08
     3      2      2     11              1183.57          1.41041E+04          4.14689E-06          3.44904E+08
     3      2      4     12              1207.38          2.00037E+05          3.40028E-05          3.44904E+08
     3      2      2     12              1203.34          1.43228E+05          4.35305E-05          3.44904E+08
     3      2      4     13              1221.23          3.95549E+04          6.87876E-06          3.44904E+08
     3      2      2     13              1218.25          4.44136E+04          1.38348E-05          3.44904E+08
     3      2      2     14              1226.92          3.78851E+02          1.19698E-07          3.44904E+08
     4      2      5      0               862.07          3.89430E+07          3.54994E-03          3.38739E+08
     4      2      3      0               854.45          2.86513E+07          4.03197E-03          3.38739E+08
     4      2      5      1               893.45          6.70103E+06          6.56122E-04          3.38739E+08
     4      2      3      1               885.67          3.59892E+06          5.44150E-04          3.38739E+08
     4      2      5      2               925.19          1.65098E+07          1.73345E-03          3.38739E+08
     4      2      3      2               917.28          1.27036E+07          2.06033E-03          3.38739E+08
     4      2      5      3               957.17          2.18970E+07          2.46075E-03          3.38739E+08
     4      2      3      3               949.16          1.39766E+07          2.42708E-03          3.38739E+08
     4      2      5      4               989.21          1.89534E+06          2.27495E-04          3.38739E+08
     4      2      3      4               981.14          1.15375E+06          2.14081E-04          3.38739E+08
     4      2      5      5              1021.10          4.65218E+07          5.94982E-03          3.38739E+08
     4      2      3      5              1013.03          2.96949E+07          5.87387E-03          3.38739E+08
     4      2      5      6              1052.58          4.36348E+07          5.92995E-03          3.38739E+08
     4      2      3      6              1044.55          3.92572E+07          8.25625E-03          3.38739E+08
     4      2      5      7              1083.30          8.48728E+06          1.22174E-03          3.38739E+08
     4      2      3      7              1075.41          1.95316E+07          4.35400E-03          3.38739E+08
     4      2      5      8              1112.86          1.07675E+05          1.63570E-05          3.38739E+08
     4      2      3      8              1105.20          4.05861E+06          9.55568E-04          3.38739E+08
     4      2      5      9              1140.73          1.02086E+03          1.62945E-07          3.38739E+08
     4      2      3      9              1133.44          9.31255E+04          2.30603E-05          3.38739E+08
     4      2      5     10              1166.28          8.33454E+03          1.39057E-06          3.38739E+08
     4      2      3     10              1159.51          5.47597E+04          1.41910E-05          3.38739E+08
     4      2      5     11              1188.71          1.27387E+05          2.20793E-05          3.38739E+08
     4      2      3     11              1182.68          2.84075E+04          7.65896E-06          3.38739E+08
     4      2      5     12              1207.04          4.83680E+05          8.64395E-05          3.38739E+08
     4      2      3     12              1202.03          3.22034E+05          8.96874E-05          3.38739E+08
     4      2      5     13              1220.03          1.36173E+05          2.48621E-05          3.38739E+08
     4      2      3     13              1216.41          1.56281E+05          4.45728E-05          3.38739E+08
     4      2      3     14              1224.40          2.29870E+03          6.64254E-07          3.38739E+08
     5      2      6      0               865.22          3.14971E+07          2.99108E-03          3.20837E+08
     5      2      4      0               855.99          3.19480E+07          4.28931E-03          3.20837E+08
     5      2      6      1               896.55          6.39805E+06          6.52387E-04          3.20837E+08
     5      2      4      1               887.14          3.28206E+06          4.73305E-04          3.20837E+08
     5      2      6      2               928.23          1.27729E+07          1.39608E-03          3.20837E+08
     5      2      4      2               918.67          1.46839E+07          2.27075E-03          3.20837E+08
     5      2      6      3               960.12          2.05991E+07          2.40883E-03          3.20837E+08
     5      2      4      3               950.44          1.30717E+07          2.16368E-03          3.20837E+08
     5      2      6      4               992.04          1.05591E+06          1.31823E-04          3.20837E+08
     5      2      4      4               982.30          2.05447E+06          3.63240E-04          3.20837E+08
     5      2      6      5              1023.77          4.40332E+07          5.85455E-03          3.20837E+08
     5      2      4      5              1014.03          2.83496E+07          5.34137E-03          3.20837E+08
     5      2      6      6              1055.04          4.57947E+07          6.46637E-03          3.20837E+08
     5      2      4      6              1045.37          3.09869E+07          6.20476E-03          3.20837E+08
     5      2      6      7              1085.50          8.76996E+06          1.31089E-03          3.20837E+08
     5      2      4      7              1076.00          1.51553E+07          3.21514E-03          3.20837E+08
     5      2      6      8              1114.73          2.49355E+03          3.93062E-07          3.20837E+08
     5      2      4      8              1105.53          4.43279E+06          9.92717E-04          3.20837E+08
     5      2      6      9              1142.18          9.25747E+04          1.53204E-05          3.20837E+08
     5      2      4      9              1133.45          3.61249E+05          8.50388E-05          3.20837E+08
     5      2      6     10              1167.21          4.20690E+01          7.27060E-09          3.20837E+08
     5      2      4     10              1159.14          2.26167E+04          5.56815E-06          3.20837E+08
     5      2      6     11              1189.00          3.93312E+05          7.05354E-05          3.20837E+08
     5      2      4     11              1181.85          7.72986E+04          1.97837E-05          3.20837E+08
     5      2      6     12              1206.51          1.84462E+06          3.40625E-04          3.20837E+08
     5      2      4     12              1200.64          1.07782E+06          2.84697E-04          3.20837E+08
     5      2      6     13              1218.41          1.00908E+06          1.90030E-04          3.20837E+08
     5      2      4     13              1214.34          1.02376E+06          2.76621E-04          3.20837E+08
