# Data for C+ states 
#  J 	 v 		 E(v,J) [1/cm] 			 Ab [1/s] 			 Ac [1/s] 			 At [1/s] 			 f of dissociation 		 mean Ekin [eV]
    1     0     9.9152259220E+04     1.1798330029E+09     1.6303497902E+05     1.1799960379E+09     1.3816570038E-04     1.0405861716E-01
    1     1     1.0145797348E+05     1.1581670748E+09     4.6140766892E+05     1.1586284825E+09     3.9823608335E-04     2.7668465534E-01
    1     2     1.0362916201E+05     1.1362406501E+09     1.8588223105E+06     1.1380994724E+09     1.6332687569E-03     4.0166705198E-01
    1     3     1.0566111601E+05     9.0241371000E+08     1.4915143623E+08     1.0515651462E+09     1.4183756162E-01     5.6238986734E-01
    1     4     1.0758126443E+05     1.0998408216E+09     3.2332510008E+06     1.1030740726E+09     2.9311277286E-03     6.9570840418E-01
    1     5     1.0936198304E+05     1.0880487156E+09     1.4896016579E+06     1.0895383172E+09     1.3671861139E-03     7.9284067853E-01
    1     6     1.1101282791E+05     1.0741477760E+09     2.8319873902E+06     1.0769797634E+09     2.6295641631E-03     6.6487667688E-01
    1     7     1.1253036409E+05     1.0465114898E+09     1.2642504518E+07     1.0591539943E+09     1.1936417732E-02     8.5869565537E-01
    1     8     1.1391803529E+05     9.6066957710E+08     7.1506732375E+07     1.0321763095E+09     6.9277633790E-02     4.8787826915E-01
    1     9     1.1515399499E+05     9.8918830200E+08     7.0679462593E+07     1.0598677646E+09     6.6687057531E-02     2.3114636035E-01
    1    10     1.1623742050E+05     6.5526756900E+08     4.1222615653E+08     1.0674937255E+09     3.8616260374E-01     8.4324872880E-02
    1    11     1.1715061864E+05     6.2016427100E+08     4.6190403171E+08     1.0820683027E+09     4.2687141888E-01     1.5413533968E-01
    1    12     1.1786871762E+05     4.0900868444E+08     6.9897171296E+08     1.1079803974E+09     6.3085205713E-01     1.3062608121E-01
    1    13     1.1834991633E+05     2.0941106660E+08     9.1704235301E+08     1.1264534196E+09     8.1409700308E-01     7.5414680406E-02
    2     0     9.9276048100E+04     1.1786292470E+09     4.4295538526E+05     1.1790722024E+09     3.7568130635E-04     1.1048705336E-01
    2     1     1.0157538462E+05     1.1559440713E+09     1.5143086276E+06     1.1574583799E+09     1.3083050362E-03     2.9050153819E-01
    2     2     1.0373898783E+05     1.1248494900E+09     9.4905348471E+06     1.1343400248E+09     8.3665696699E-03     4.1124653233E-01
    2     3     1.0578401212E+05     1.0300682595E+09     6.3334998589E+07     1.0934032581E+09     5.7924647764E-02     5.6664109528E-01
    2     4     1.0768172732E+05     1.0949506661E+09     5.9418686340E+06     1.1008925347E+09     5.3973193990E-03     7.0327614825E-01
    2     5     1.0945537178E+05     1.0827282085E+09     4.1402402369E+06     1.0868684488E+09     3.8093296769E-03     8.0423982755E-01
    2     6     1.1109859288E+05     1.0618194283E+09     9.0542394924E+06     1.0708736678E+09     8.4550024571E-03     8.0976998653E-01
    2     7     1.1260222925E+05     8.9155189318E+08     9.1516069330E+07     9.8306796251E+08     9.3092311845E-02     9.3741492578E-01
    2     8     1.1399363206E+05     9.7250892800E+08     6.7764913359E+07     1.0402738414E+09     6.5141418216E-02     4.0803214031E-01
    2     9     1.1522205221E+05     9.7957576590E+08     7.6190757881E+07     1.0557665238E+09     7.2166294502E-02     2.6552309761E-01
    2    10     1.1629723651E+05     6.3300534570E+08     4.3113883767E+08     1.0641441834E+09     4.0515077224E-01     9.4769016881E-02
    2    11     1.1720145927E+05     5.9998196400E+08     4.7925735228E+08     1.0792393163E+09     4.4406958220E-01     1.5702761432E-01
    2    12     1.1790884097E+05     4.2827570240E+08     6.7766099830E+08     1.1059367007E+09     6.1274844923E-01     1.3856729594E-01
    2    13     1.1837518856E+05     2.2309433925E+08     9.1899711318E+08     1.1420914524E+09     8.0466158049E-01     6.8982437191E-02
    3     0     9.9460198510E+04     1.1766821213E+09     8.7618162714E+05     1.1775583029E+09     7.4406645088E-04     1.2031513498E-01
    3     1     1.0174959987E+05     1.1509993416E+09     4.1829580250E+06     1.1551822996E+09     3.6210371527E-03     3.0955646286E-01
    3     2     1.0389655032E+05     1.0360734723E+09     7.2939825345E+07     1.1090132976E+09     6.5770018720E-02     4.2502359723E-01
    3     3     1.0593883457E+05     1.0866216730E+09     2.2822938031E+07     1.1094446110E+09     2.0571498391E-02     5.7421278071E-01
    3     4     1.0782988807E+05     1.0905882994E+09     7.7846732781E+06     1.0983729727E+09     7.0874588793E-03     7.1244961596E-01
    3     5     1.0959312086E+05     1.0727178444E+09     8.9146749025E+06     1.0816325193E+09     8.2418702684E-03     8.1690791133E-01
    3     6     1.1122299234E+05     1.0135395852E+09     3.3580029053E+07     1.0471196143E+09     3.2068952385E-02     8.7355105099E-01
    3     7     1.1275061449E+05     8.6161577600E+08     1.0674805074E+08     9.6836382674E+08     1.1023547947E-01     9.4386672314E-01
    3     8     1.1410380973E+05     9.7520588900E+08     6.6341788446E+07     1.0415476774E+09     6.3695392811E-02     3.3708384542E-01
    3     9     1.1532164361E+05     9.4480447070E+08     9.0232217953E+07     1.0350366887E+09     8.7177796635E-02     2.6095340692E-01
    3    10     1.1638480852E+05     5.9508041060E+08     4.5236533865E+08     1.0474457492E+09     4.3187471902E-01     1.0793765708E-01
    3    11     1.1727567284E+05     4.4067783200E+08     5.2277683104E+08     9.6345466304E+08     5.4260657101E-01     1.5481899616E-01
    3    12     1.1796688990E+05     3.2890344800E+08     6.6339223109E+08     9.9229567909E+08     6.6854290013E-01     1.4588938403E-01
    4     0     9.9702937400E+04     1.1735579950E+09     1.8521270882E+06     1.1754101221E+09     1.5757283806E-03     1.3415515770E-01
    4     1     1.0197711734E+05     1.1313498531E+09     1.7983068360E+07     1.1493329214E+09     1.5646526803E-02     3.3033358067E-01
    4     2     1.0414188966E+05     1.0316588299E+09     8.1234587896E+07     1.1128934178E+09     7.2994041116E-02     4.3998646909E-01
    4     3     1.0614439002E+05     1.0977929288E+09     1.4227891942E+07     1.1120208207E+09     1.2794627292E-02     5.7028267979E-01
    4     4     1.0802368539E+05     1.0835764838E+09     1.1118033985E+07     1.0946945178E+09     1.0156289088E-02     7.0195236162E-01
    4     5     1.0977172072E+05     1.0439346627E+09     2.4357230671E+07     1.0682918934E+09     2.2800164283E-02     8.0307805710E-01
    4     6     1.1136702011E+05     6.9982808700E+08     2.0238373693E+08     9.0221182393E+08     2.2431953513E-01     8.8652449046E-01
    4     7     1.1290146037E+05     9.9507654000E+08     4.1296305855E+07     1.0363728459E+09     3.9846958573E-02     8.2837673071E-01
    4     8     1.1424733938E+05     9.7560918051E+08     7.0890327507E+07     1.0464995080E+09     6.7740430802E-02     3.0668563063E-01
    4     9     1.1545074639E+05     9.1454678011E+08     1.3224737747E+08     1.0467941576E+09     1.2633560907E-01     2.2380061980E-01
    4    10     1.1649787139E+05     5.8989845730E+08     4.6146975448E+08     1.0513682118E+09     4.3892306169E-01     1.3269345623E-01
    4    11     1.1737098327E+05     4.1986181500E+08     6.4743121447E+08     1.0672930295E+09     6.0661055267E-01     1.4158549464E-01
    4    12     1.1804032411E+05     3.4527132670E+08     7.4675210461E+08     1.0920234313E+09     6.8382425065E-01     1.3777278859E-01
    5     0     1.0000151883E+05     1.1653365672E+09     6.4406906127E+06     1.1717772578E+09     5.4965144355E-03     1.5355922194E-01
    5     1     1.0229431774E+05     9.4695036820E+08     1.6931858445E+08     1.1162689527E+09     1.5168260664E-01     3.5987551100E-01
    5     2     1.0440388869E+05     1.1090076731E+09     1.9203671881E+07     1.1282113450E+09     1.7021342647E-02     4.7001815195E-01
    5     3     1.0639736718E+05     1.0965275934E+09     1.2987290298E+07     1.1095148837E+09     1.1705377268E-02     5.8881129929E-01
    5     4     1.0825965106E+05     1.0624835807E+09     2.2051621814E+07     1.0845352025E+09     2.0332785660E-02     7.1254832729E-01
    5     5     1.0997714375E+05     8.5886811606E+08     1.2736887178E+08     9.8623698784E+08     1.2914631407E-01     8.1562609614E-01
    5     6     1.1162813078E+05     9.7120017000E+08     5.7343495786E+07     1.0285436658E+09     5.5752125742E-02     9.0525971223E-01
    5     7     1.1309163594E+05     1.0138370600E+09     3.1402056517E+07     1.0452391165E+09     3.0042940434E-02     7.2731408026E-01
    5     8     1.1442165533E+05     9.5436130120E+08     7.8729974909E+07     1.0330912761E+09     7.6208149976E-02     3.5456628388E-01
    5     9     1.1560573045E+05     8.2977031732E+08     1.7694072517E+08     1.0067110425E+09     1.7576118440E-01     2.7470190659E-01
    5    10     1.1663171592E+05     5.1793897770E+08     4.5656931353E+08     9.7450829123E+08     4.6851249768E-01     2.0442344195E-01
    5    11     1.1748254154E+05     2.3461343900E+08     6.7290696003E+08     9.0752039903E+08     7.4147860560E-01     1.8135797261E-01
    5    12     1.1812202851E+05     1.4535224920E+08     6.9984600570E+08     8.4519825490E+08     8.2802585268E-01     1.8948513680E-01
    6     0     1.0033645417E+05     9.5233602455E+08     2.0549616086E+08     1.1578321854E+09     1.7748354507E-01     1.7409521800E-01
    6     1     1.0261091283E+05     1.1313867556E+09     1.6899096434E+07     1.1482858520E+09     1.4716802793E-02     3.7483972178E-01
    6     2     1.0471916883E+05     1.1147072136E+09     1.2053841613E+07     1.1267610552E+09     1.0697779762E-02     5.0164424047E-01
    6     3     1.0669378232E+05     1.0809108682E+09     2.0608173822E+07     1.1015190420E+09     1.8708867516E-02     6.1140956749E-01
    6     4     1.0852510131E+05     9.2566884539E+08     1.0230750114E+08     1.0279763465E+09     9.9523205453E-02     7.2267726170E-01
    6     5     1.1029198464E+05     9.5321912187E+08     7.7751508662E+07     1.0309706305E+09     7.5415832769E-02     8.2159295576E-01
    6     6     1.1186686121E+05     1.0215970153E+09     2.8672368622E+07     1.0502693839E+09     2.7300013749E-02     8.9804698648E-01
    6     7     1.1331429886E+05     7.6699968451E+08     2.7376932154E+07     7.9437661666E+08     3.4463416445E-02     6.9776084628E-01
    6     8     1.1462042072E+05     8.8749519028E+08     1.1406972754E+08     1.0015649178E+09     1.1389149671E-01     5.3719854262E-01
    6     9     1.1577330867E+05     6.1278468400E+08     2.9833623887E+08     9.1112092287E+08     3.2743868720E-01     5.0494681165E-01
    6    10     1.1684251027E+05     3.4307576686E+08     5.1514791481E+08     8.5822368166E+08     6.0024900945E-01     4.3097493705E-01
    6    11     1.1765289944E+05     2.1849654090E+08     7.0617819578E+08     9.2467473668E+08     7.6370443332E-01     2.6982271883E-01
    6    12     1.1824143625E+05     1.9576877650E+08     6.9657113856E+08     8.9233991506E+08     7.8061187985E-01     1.2224625240E-01
    7     0     1.0076831935E+05     1.1583148191E+09     9.3606442553E+06     1.1676754634E+09     8.0164776507E-03     2.0154353842E-01
    7     1     1.0299263968E+05     1.1360723552E+09     9.1991282599E+06     1.1452714835E+09     8.0322686740E-03     3.6585256221E-01
    7     2     1.0507935750E+05     1.1018380407E+09     1.7736685678E+07     1.1195747264E+09     1.5842341971E-02     5.1217889270E-01
    7     3     1.0702027270E+05     9.5829537010E+08     9.5999735985E+07     1.0542951061E+09     9.1055849003E-02     6.3272753114E-01
    7     4     1.0889811449E+05     9.6476622494E+08     8.2734065178E+07     1.0475002901E+09     7.8982379249E-02     7.4368269325E-01
    7     5     1.1058186927E+05     1.0291775032E+09     3.1065087135E+07     1.0602425903E+09     2.9299980418E-02     8.2858495034E-01
    7     6     1.1214045791E+05     1.0060083625E+09     3.4511447789E+07     1.0405198103E+09     3.3167506709E-02     9.0946805916E-01
    7     7     1.1355778280E+05     8.7286091068E+08     1.0285186899E+08     9.7571277967E+08     1.0541203429E-01     8.2519945295E-01
    7     8     1.1491562178E+05     6.4902689203E+08     2.2619252504E+08     8.7521941707E+08     2.5844093565E-01     8.3028633500E-01
    7     9     1.1603393277E+05     6.3759627400E+08     3.4382589208E+08     9.8142216608E+08     3.5033434536E-01     2.9741867117E-01
    7    10     1.1700319437E+05     3.5173541260E+08     6.6681089664E+08     1.0185463092E+09     6.5466919922E-01     1.6759878042E-01
    7    11     1.1778845565E+05     2.2462448510E+08     8.2461129526E+08     1.0492357804E+09     7.8591610265E-01     1.5327504516E-01
    8     0     1.0122131874E+05     1.1588680322E+09     3.8672593108E+06     1.1627352916E+09     3.3260014888E-03     2.4989191423E-01
    8     1     1.0342029073E+05     1.1250855239E+09     1.3350118763E+07     1.1384356427E+09     1.1726722410E-02     3.9585275963E-01
    8     2     1.0546848719E+05     9.7095100360E+08     1.0331597595E+08     1.0742669795E+09     9.6173463314E-02     5.4408048107E-01
    8     3     1.0745081586E+05     1.0081593607E+09     6.7692634295E+07     1.0758519950E+09     6.2920024882E-02     6.7145103312E-01
    8     4     1.0924376804E+05     1.0455467084E+09     2.9042140156E+07     1.0745888486E+09     2.7026280977E-02     7.7052068489E-01
    8     5     1.1090925411E+05     1.0084231649E+09     3.9037753552E+07     1.0474609184E+09     3.7268935637E-02     8.5243912206E-01
    8     6     1.1242863655E+05     8.1768089040E+08     1.2892516309E+08     9.4660605349E+08     1.3619727299E-01     9.4168379313E-01
    8     7     1.1390167688E+05     8.2389213140E+08     1.3626056758E+08     9.6015269898E+08     1.4191551795E-01     8.1394993788E-01
    8     8     1.1514937233E+05     8.7899727120E+08     1.3202200420E+08     1.0110192754E+09     1.3058307335E-01     4.5392521089E-01
    8     9     1.1625513424E+05     6.8566919830E+08     3.3691963963E+08     1.0225888379E+09     3.2947713405E-01     2.1598842619E-01
    8    10     1.1719607601E+05     3.8695966490E+08     6.4685648027E+08     1.0338161452E+09     6.2569779287E-01     1.6975742612E-01
    8    11     1.1794397273E+05     2.5185484200E+08     7.9955624346E+08     1.0514110855E+09     7.6046016113E-01     1.6365958598E-01
    9     0     1.0172006459E+05     1.1502121106E+09     6.3279218681E+06     1.1565400325E+09     5.4714248450E-03     3.0226043616E-01
    9     1     1.0387280453E+05     9.4254123140E+08     1.4597829154E+08     1.0885195229E+09     1.3410718730E-01     4.2803833469E-01
    9     2     1.0595614530E+05     1.0632835741E+09     4.3209327653E+07     1.1064929018E+09     3.9050704785E-02     5.7153333594E-01
    9     3     1.0785816520E+05     1.0668707160E+09     2.4397975192E+07     1.0912686912E+09     2.2357440829E-02     6.9647698554E-01
    9     4     1.0962773994E+05     1.0133583010E+09     4.3215398631E+07     1.0565736996E+09     4.0901452163E-02     7.9672122417E-01
    9     5     1.1123900713E+05     7.1106194272E+08     1.9725743969E+08     9.0831938241E+08     2.1716748922E-01     8.8363465846E-01
    9     6     1.1283006691E+05     9.2970832538E+08     7.7768009453E+07     1.0074763348E+09     7.7190904406E-02     8.7671257289E-01
    9     7     1.1419550138E+05     9.4048159150E+08     8.0799996830E+07     1.0212815883E+09     7.9116276797E-02     5.6042401529E-01
    9     8     1.1542206569E+05     8.4503909000E+08     1.6309252933E+08     1.0081316193E+09     1.6177702019E-01     3.8076943990E-01
    9     9     1.1649441759E+05     5.1000788292E+08     4.7330840044E+08     9.8331628337E+08     4.8133892263E-01     2.3368082270E-01
    9    10     1.1739585237E+05     2.0447624103E+08     7.5096135358E+08     9.5543759461E+08     7.8598681674E-01     2.2520002693E-01
    9    11     1.1814622410E+05     1.3311244827E+08     8.1217282547E+08     9.4528527374E+08     8.5918277586E-01     2.1213190322E-01
   10     0     1.0228804776E+05     9.3797835980E+08     1.8930385344E+08     1.1272822132E+09     1.6792942461E-01     3.2787826021E-01
   10     1     1.0442069002E+05     1.1111752617E+09     1.9688355637E+07     1.1308636174E+09     1.7410017738E-02     4.7292696652E-01
   10     2     1.0643043599E+05     1.0897268760E+09     1.8591689055E+07     1.1083185651E+09     1.6774679809E-02     6.0487816755E-01
   10     3     1.0830113876E+05     1.0144479577E+09     5.1117375971E+07     1.0655653337E+09     4.7972071121E-02     7.2312293467E-01
   10     4     1.1011870553E+05     7.8049977580E+08     1.8199638751E+08     9.6249616331E+08     1.8908790959E-01     8.3052643998E-01
   10     5     1.1170656547E+05     9.8840717160E+08     4.9142802103E+07     1.0375499737E+09     4.7364274829E-02     8.9722791299E-01
   10     6     1.1318142008E+05     9.7218574390E+08     5.4187001691E+07     1.0263727456E+09     5.2794661514E-02     7.5759091771E-01
   10     7     1.1451526478E+05     8.4606002866E+08     1.2898679289E+08     9.7504682155E+08     1.3228779382E-01     6.5320138625E-01
   10     8     1.1568990099E+05     5.3180800800E+08     3.0714550020E+08     8.3895350820E+08     3.6610550787E-01     6.8940766142E-01
   10     9     1.1681300632E+05     2.8707666445E+08     6.5073276590E+08     9.3780943035E+08     6.9388592697E-01     2.6116392208E-01
   10    10     1.1766318188E+05     2.0125033570E+08     8.0511246820E+08     1.0063628039E+09     8.0002208456E-01     1.9296418663E-01
   10    11     1.1829556881E+05     1.1779085810E+08     9.2335745717E+08     1.0411483153E+09     8.8686447803E-01     1.4121353212E-01
   11     0     1.0285001263E+05     1.1421195601E+09     5.4792724600E+06     1.1475988326E+09     4.7745538812E-03     3.7160321974E-01
   11     1     1.0496489125E+05     1.1125108585E+09     1.2189505634E+07     1.1247003641E+09     1.0838002746E-02     5.1858382444E-01
   11     2     1.0693351670E+05     9.9772641755E+08     7.2033002265E+07     1.0697594198E+09     6.7335702711E-02     6.4448214860E-01
   11     3     1.0883260915E+05     9.5697061900E+08     9.0010028869E+07     1.0469806479E+09     8.5971053096E-02     7.5880410384E-01
   11     4     1.1053731019E+05     1.0245679904E+09     3.4475405102E+07     1.0590433955E+09     3.2553345074E-02     8.5600729519E-01
   11     5     1.1211468546E+05     9.7918630460E+08     4.8474174713E+07     1.0276604793E+09     4.7169445248E-02     9.2408295901E-01
   11     6     1.1353879704E+05     7.2299659190E+08     1.7417844348E+08     8.9717503538E+08     1.9414098321E-01     9.3173043980E-01
   11     7     1.1492744773E+05     8.0654787670E+08     1.5457952214E+08     9.6112739884E+08     1.6083145931E-01     7.0208317185E-01
   11     8     1.1607729953E+05     7.4644146900E+08     2.5813981434E+08     1.0045812833E+09     2.5696259588E-01     3.1874339245E-01
   11     9     1.1707236481E+05     3.6225577024E+08     6.5524338131E+08     1.0174991516E+09     6.4397437611E-01     1.8571187212E-01
   11    10     1.1788219215E+05     2.1317635820E+08     8.0949754964E+08     1.0226739078E+09     7.9155001749E-01     1.9086968292E-01
   12     0     1.0346526344E+05     1.1332496033E+09     6.4717665967E+06     1.1397213699E+09     5.6783761082E-03     4.0580019283E-01
   12     1     1.0552331003E+05     8.7609399600E+08     1.7181357257E+08     1.0479075686E+09     1.6395870945E-01     5.4705025082E-01
   12     2     1.0751580243E+05     1.0568199669E+09     3.5871475313E+07     1.0926914422E+09     3.2828549698E-02     6.7603023674E-01
   12     3     1.0932749844E+05     1.0491988563E+09     2.6335559006E+07     1.0755344153E+09     2.4486021675E-02     7.8139576934E-01
   12     4     1.1100054627E+05     9.4902788200E+08     7.0086384669E+07     1.0191142667E+09     6.8771860979E-02     8.8105047378E-01
   12     5     1.1262021125E+05     7.8465853667E+08     1.5981581386E+08     9.4447435053E+08     1.6921138597E-01     8.9309566497E-01
   12     6     1.1401320818E+05     9.3977634900E+08     7.5042730292E+07     1.0148190793E+09     7.3946905240E-02     7.1638033645E-01
   12     7     1.1527981324E+05     7.9994561300E+08     2.0967361615E+08     1.0096192291E+09     2.0767593375E-01     2.9664152290E-01
   12     8     1.1639432667E+05     2.9210767700E+08     6.8523108319E+08     9.7733876019E+08     7.0111931615E-01     1.7575578328E-01
   12     9     1.1733602466E+05     1.7394039665E+08     7.1795786926E+08     8.9189826591E+08     8.0497731267E-01     3.0041013035E-01
   12    10     1.1814529300E+05     1.5232869970E+08     8.5586325807E+08     1.0081919578E+09     8.4890903114E-01     1.9582345367E-01
   13     0     1.0412539314E+05     1.0812153439E+09     4.5101781439E+07     1.1263171253E+09     4.0043590234E-02     4.6283181792E-01
   13     1     1.0617047842E+05     1.1018223239E+09     1.2793594410E+07     1.1146159183E+09     1.1478029516E-02     5.9637722329E-01
   13     2     1.0808178385E+05     1.0668727972E+09     2.1854854477E+07     1.0887276517E+09     2.0073757145E-02     7.1742260863E-01
   13     3     1.0983826642E+05     8.2096732000E+08     1.5199149434E+08     9.7295881434E+08     1.5621575354E-01     8.2009998089E-01
   13     4     1.1154783499E+05     9.7260755670E+08     6.0214745499E+07     1.0328223022E+09     5.8301166978E-02     8.9495761666E-01
   13     5     1.1305480827E+05     9.8628448500E+08     4.5648545080E+07     1.0319330301E+09     4.4235956937E-02     8.1923613949E-01
   13     6     1.1442234718E+05     8.7233035300E+08     1.0754837932E+08     9.7987873232E+08     1.0975682579E-01     7.3715797960E-01
   13     7     1.1573444650E+05     5.1613465440E+08     3.2922902490E+08     8.4536367930E+08     3.8945253145E-01     6.8436559660E-01
   13     8     1.1678436609E+05     3.3130893800E+08     6.4736917866E+08     9.7867811666E+08     6.6147302943E-01     2.2497204312E-01
   13     9     1.1767811633E+05     2.1035502410E+08     8.1176058866E+08     1.0221156128E+09     7.9419644757E-01     1.9443446972E-01
   14     0     1.0479735492E+05     1.1242726735E+09     3.6835883974E+06     1.1279562619E+09     3.2657191790E-03     5.0901939848E-01
   14     1     1.0680375301E+05     1.0756417625E+09     2.3010047568E+07     1.0986518101E+09     2.0943894469E-02     6.4324797787E-01
   14     2     1.0871661815E+05     9.1788294680E+08     1.1496930346E+08     1.0328522503E+09     1.1131243935E-01     7.6203530979E-01
   14     3     1.1044780145E+05     1.0381945170E+09     2.6949777776E+07     1.0651442948E+09     2.5301527604E-02     8.6568669093E-01
   14     4     1.1205409543E+05     9.9077671500E+08     4.0732398145E+07     1.0315091131E+09     3.9488161206E-02     9.2267897610E-01
   14     5     1.1349880940E+05     6.5331991066E+08     2.1178198921E+08     8.6510189987E+08     2.4480583067E-01     9.3565377460E-01
   14     6     1.1491041467E+05     7.7403797200E+08     1.1796902903E+08     8.9200700103E+08     1.3225123670E-01     6.3514056725E-01
   14     7     1.1609298079E+05     3.3992658582E+08     4.3419168380E+08     7.7411826962E+08     5.6088546265E-01     1.7668956565E-01
   14     8     1.1711721699E+05     2.3315425760E+08     7.5332017074E+08     9.8647442834E+08     7.6364895946E-01     1.9735750569E-01
   14     9     1.1794383635E+05     1.3358414861E+08     7.3171492387E+08     8.6529907248E+08     8.4562083462E-01     3.2483141171E-01
   15     0     1.0549467151E+05     1.0359295020E+09     5.9927087697E+07     1.0958565897E+09     5.4685155211E-02     5.6418784769E-01
   15     1     1.0748110276E+05     1.0806818620E+09     1.8477017601E+07     1.0991588796E+09     1.6810142686E-02     6.9058148234E-01
   15     2     1.0931785443E+05     1.0649608982E+09     1.6035946446E+07     1.0809968447E+09     1.4834406340E-02     7.9976828547E-01
   15     3     1.1101234077E+05     9.3838135309E+08     7.5532419841E+07     1.0139137729E+09     7.4495900793E-02     8.9517929417E-01
   15     4     1.1263163801E+05     9.2677115030E+08     8.0338006030E+07     1.0071091563E+09     7.9770902215E-02     9.2092947823E-01
   15     5     1.1405829716E+05     9.7477046400E+08     5.2336884649E+07     1.0271073486E+09     5.0955613080E-02     7.1392346538E-01
   15     6     1.1534568895E+05     8.3291293030E+08     1.5500318278E+08     9.8791611308E+08     1.5689913418E-01     4.9366639875E-01
   15     7     1.1750675885E+05     2.2536644500E+08     7.7212794958E+08     9.9749439458E+08     7.7406745720E-01     2.2522180978E-01
   15     8     1.1827085862E+05     1.5310068340E+08     8.4829049582E+08     1.0013911792E+09     8.4711201119E-01     2.1619525325E-01
   16     0     1.0623088665E+05     1.1106467368E+09     3.1266134856E+06     1.1137733503E+09     2.8072259806E-03     6.1767334316E-01
   16     1     1.0815935984E+05     1.0776442049E+09     1.3014094115E+07     1.0906582990E+09     1.1932329426E-02     7.4029043204E-01
   16     2     1.0999405140E+05     8.1140779530E+08     1.6516241986E+08     9.7657021516E+08     1.6912498179E-01     8.4814902399E-01
   16     3     1.1164094441E+05     1.0286146350E+09     2.5068893822E+07     1.0536835288E+09     2.3791672866E-02     9.0616868626E-01
   16     4     1.1316768637E+05     9.8774900600E+08     3.9266087458E+07     1.0270150935E+09     3.8233213619E-02     9.0871405431E-01
   16     5     1.1452862266E+05     5.7961874231E+08     2.2622827252E+08     8.0584701483E+08     2.8073352430E-01     9.8060885418E-01
   16     6     1.1584474951E+05     3.8419714100E+08     1.5674398432E+08     5.4094112532E+08     2.8976163391E-01     4.8135084704E-01
   16     7     1.1693242774E+05     2.7524482820E+08     6.0338839261E+08     8.7863322081E+08     6.8673523641E-01     2.1467384144E-01
   16     8     1.1783890471E+05     1.8292341700E+08     7.5792047667E+08     9.4084389367E+08     8.0557516690E-01     2.8312899289E-01
   17     0     1.0697354804E+05     1.0663817544E+09     2.6589221029E+07     1.0929709754E+09     2.4327472208E-02     6.5981314086E-01
   17     1     1.0887095549E+05     1.0702165429E+09     1.5318203984E+07     1.0855347469E+09     1.4111205586E-02     7.7789846536E-01
   17     2     1.1062530542E+05     1.0561750650E+09     1.3311636279E+07     1.0694867013E+09     1.2446752506E-02     8.7235131829E-01
   17     3     1.1223504589E+05     8.8369797015E+08     9.8044073228E+07     9.8174204338E+08     9.9867448775E-02     9.2773172874E-01
   17     4     1.1376130567E+05     9.6344670220E+08     5.6043261219E+07     1.0194899634E+09     5.4971861646E-02     8.6192018847E-01
   17     5     1.1510393986E+05     9.0517539000E+08     1.1743443635E+08     1.0226098264E+09     1.1483796980E-01     3.7195548221E-01
   17     6     1.1629394263E+05     3.4959778010E+08     6.0169783209E+08     9.5129561219E+08     6.3250352927E-01     2.4591326795E-01
   17     7     1.1737730712E+05     2.4087442390E+08     7.2957116361E+08     9.7044558751E+08     7.5178987158E-01     2.6534278312E-01
   17     8     1.1821394673E+05     1.8824371600E+08     8.3031912329E+08     1.0185628393E+09     8.1518693915E-01     2.3649101903E-01
   18     0     1.0774162234E+05     1.0964086312E+09     2.1463302469E+06     1.0985549614E+09     1.9537759349E-03     7.2624324812E-01
   18     1     1.0958277236E+05     1.0614569106E+09     1.3445510712E+07     1.0749024213E+09     1.2508587240E-02     8.3512316488E-01
   18     2     1.1131313571E+05     9.7299421290E+08     5.8477130921E+07     1.0314713438E+09     5.6692928283E-02     9.2273673167E-01
   18     3     1.1288590120E+05     1.0296087500E+09     1.7986425391E+07     1.0475951754E+09     1.7169251838E-02     9.3582822224E-01
   18     4     1.1432150938E+05     8.7332507000E+08     6.4961502546E+07     9.3828657255E+08     6.9234181162E-02     8.7575420683E-01
   18     5     1.1565847643E+05     4.1983584240E+08     1.5494960386E+08     5.7478544626E+08     2.6957816150E-01     6.6539982862E-01
   18     6     1.1679720992E+05     3.0918388460E+08     5.5739004109E+08     8.6657392569E+08     6.4321118437E-01     2.1963812746E-01
   18     7     1.1776688668E+05     2.0659696200E+08     7.5369012123E+08     9.6028708323E+08     7.8485916805E-01     2.8177781788E-01
   19     0     1.0850533365E+05     7.2909556000E+08     2.2828823745E+08     9.5738379745E+08     2.3845007411E-01     7.8042064467E-01
   19     1     1.1031868439E+05     1.0681663074E+09     6.4115574297E+06     1.0745778648E+09     5.9665824502E-03     8.8039401823E-01
   19     2     1.1198313840E+05     1.0379359830E+09     1.5485522197E+07     1.0534215052E+09     1.4700214606E-02     9.0692334908E-01
   19     3     1.1354322106E+05     8.3474549000E+08     1.2112033249E+08     9.5586582249E+08     1.2671269298E-01     9.8005128392E-01
   19     4     1.1492531246E+05     9.4516406000E+08     8.5978874954E+07     1.0311429350E+09     8.3382111286E-02     3.6922383449E-01
   19     5     1.1616947910E+05     4.5016367700E+08     3.9344764979E+08     8.4361132679E+08     4.6638497765E-01     2.4442142099E-01
   19     6     1.1729284794E+05     2.6128124100E+08     5.2318242527E+08     7.8446366627E+08     6.6693009220E-01     3.4458118906E-01
   19     7     1.1819201791E+05     2.0325179620E+08     8.0499637997E+08     1.0082481762E+09     7.9841094583E-01     2.6202284492E-01
   20     0     1.0930695241E+05     1.0812298229E+09     1.4990657482E+06     1.0827288886E+09     1.3845254929E-03     8.2529978528E-01
   20     1     1.1104786413E+05     9.0279380200E+08     9.3260572362E+07     9.9605437436E+08     9.3630001296E-02     9.1750099392E-01
   20     2     1.1268143923E+05     1.0402984700E+09     1.0957113322E+07     1.0512555833E+09     1.0422882405E-02     9.8351671053E-01
   20     3     1.1416348642E+05     9.5760741900E+08     2.6274583047E+07     9.8388200205E+08     2.6705014415E-02     7.8743434579E-01
   20     4     1.1553453211E+05     4.5071454980E+08     1.5153314229E+08     6.0224769209E+08     2.5161265752E-01     8.3315053803E-01
   20     5     1.1671822818E+05     3.3411965944E+08     4.8855735639E+08     8.2267701583E+08     5.9386289758E-01     2.3318094684E-01
   20     6     1.1773820565E+05     2.0088633944E+08     7.1912763493E+08     9.2001397437E+08     7.8164859987E-01     3.2402720134E-01
   21     0     1.1010452208E+05     1.0713522798E+09     2.9018241446E+06     1.0742541040E+09     2.7012455748E-03     8.7379493532E-01
   21     1     1.1180522056E+05     1.0566209631E+09     3.8967153736E+06     1.0605176785E+09     3.6743521138E-03     9.3218534000E-01
   21     2     1.1335802405E+05     7.0648625280E+08     1.8121412176E+08     8.8770037456E+08     2.0413883666E-01     1.0290026710E+00
   21     3     1.1481604083E+05     9.8429754000E+08     2.9754536427E+07     1.0140520764E+09     2.9342217346E-02     5.7495768430E-01
   21     4     1.1610392476E+05     5.4987321000E+08     2.2653010692E+08     7.7640331692E+08     2.9176859756E-01     2.7179163956E-01
   21     5     1.1725963404E+05     2.9557399510E+08     6.4169402684E+08     9.3726802194E+08     6.8464303894E-01     2.6124781684E-01
   21     6     1.1821288167E+05     1.9374177740E+08     7.8064042848E+08     9.7438220588E+08     8.0116449559E-01     3.0355154519E-01
   22     0     1.1090555549E+05     1.0584667510E+09     5.0539776309E+06     1.0635207287E+09     4.7521195352E-03     9.2671086057E-01
   22     1     1.1255886406E+05     1.0476076800E+09     4.8666153774E+06     1.0524742954E+09     4.6239755201E-03     1.0117064206E+00
   22     2     1.1407673768E+05     1.0013269800E+09     1.1706249746E+07     1.0130332297E+09     1.1555642404E-02     7.5341407096E-01
   22     3     1.1547136193E+05     5.5700240000E+08     8.5756159591E+07     6.4275855959E+08     1.3341893050E-01     8.8946247037E-01
   22     4     1.1670047710E+05     3.4759200300E+08     3.9670273718E+08     7.4429474018E+08     5.3299145589E-01     2.5675338439E-01
   22     5     1.1779638342E+05     2.0901005420E+08     6.9593761387E+08     9.0494766807E+08     7.6903630831E-01     3.7846489863E-01
   23     0     1.1171251490E+05     1.0585079804E+09     6.7636929934E+05     1.0591843496E+09     6.3857561676E-04     9.7464266983E-01
   23     1     1.1330363426E+05     7.8808103570E+08     1.2549947846E+08     9.1358051416E+08     1.3737101056E-01     1.0513808875E+00
   23     2     1.1477973180E+05     8.1620459000E+08     1.2474312269E+07     8.2867890227E+08     1.5053251911E-02     5.9400465633E-01
   23     3     1.1610249165E+05     5.4854588200E+08     6.4733697231E+07     6.1327957923E+08     1.0555332254E-01     6.6321341709E-01
   23     4     1.1728803313E+05     2.8585649200E+08     3.1204351245E+08     5.9790000445E+08     5.2189916396E-01     3.4340433805E-01
   23     5     1.1830516514E+05     2.1088797040E+08     7.6764377239E+08     9.7853174279E+08     7.8448530469E-01     3.2997548765E-01
   24     0     1.1252013998E+05     1.0504339000E+09     7.7676538930E+05     1.0512106654E+09     7.3892457038E-04     1.0360051728E+00
   24     1     1.1406538960E+05     1.0244263600E+09     4.6389996453E+06     1.0290653596E+09     4.5079737665E-03     7.7780118111E-01
   24     2     1.1548011046E+05     7.3259409000E+08     1.8150928155E+07     7.5074501815E+08     2.4177220915E-02     7.8733799789E-01
   24     3     1.1674707004E+05     3.5270560646E+08     2.8592274621E+08     6.3862835267E+08     4.4771383077E-01     2.9999787318E-01
   24     4     1.1786511388E+05     2.7086968125E+08     7.2953838112E+08     1.0004080624E+09     7.2924080539E-01     2.9881199556E-01
   25     0     1.1332733137E+05     1.0212883000E+09     1.1068349542E+07     1.0323566495E+09     1.0721439676E-02     1.0671701211E+00
   25     1     1.1481758119E+05     8.5219458000E+08     3.7990647809E+06     8.5599364478E+08     4.4381927414E-03     6.0402276669E-01
   25     2     1.1618046761E+05     3.3260344100E+08     1.4810254469E+08     4.8070598569E+08     3.0809382262E-01     9.6723653136E-01
   25     3     1.1738112099E+05     3.1559045000E+08     2.1403403552E+08     5.2962448552E+08     4.0412413204E-01     3.8031976987E-01
