J/A+AS/141/297/table1
----------------------
Post annotation	H2 total transition probability (Abgrall+, 2000) ReadMe+ftp2000A&AS..141..297A
*Data for the B state (409 rows) (Note)	 

 Full   J   v   rho(B)    rho(C)    rho(B')   rho(D)     E(v,J)       At        Ac        Ek   
                                                          cm-1        s-1       s-1       eV   
    1   0   0   1.0e+00             6.7e-06              90203.53   1.9e+09   7.3e+00   6.0e-02
    2   0   1   1.0e+00             1.7e-05              91521.99   1.7e+09   1.2e+02   1.9e-01
    3   0   2   1.0e+00             2.5e-05              92803.49   1.6e+09   2.1e+04   8.0e-02
    4   0   3   1.0e+00             3.3e-05              94050.23   1.5e+09   2.1e+05   6.4e-02
    5   0   4   1.0e+00             3.9e-05              95263.25   1.4e+09   1.9e+06   1.4e-01
    6   0   5   1.0e+00             4.5e-05              96443.26   1.4e+09   2.4e+07   6.5e-02
    7   0   6   1.0e+00             5.0e-05              97590.77   1.3e+09   4.1e+07   1.7e-01
    8   0   7   1.0e+00             5.4e-05              98706.23   1.2e+09   2.6e+08   1.1e-01
    9   0   8   1.0e+00             5.8e-05              99790.13   1.2e+09   3.6e+08   1.6e-01
   10   0   9   1.0e+00             6.1e-05             100842.91   1.1e+09   4.6e+08   2.2e-01
   11   0  10   1.0e+00             6.4e-05             101865.08   1.1e+09   4.4e+08   3.2e-01
   12   0  11   1.0e+00             6.6e-05             102857.14   1.0e+09   4.2e+08   4.2e-01
   13   0  12   1.0e+00             6.8e-05             103819.59   9.8e+08   5.1e+08   4.1e-01
   14   0  13   1.0e+00             7.0e-05             104752.97   9.4e+08   4.8e+08   5.0e-01
   15   0  14   1.0e+00             7.1e-05             105657.80   9.0e+08   4.9e+08   5.6e-01
   16   0  15   1.0e+00             7.2e-05             106534.61   8.7e+08   4.9e+08   6.1e-01
   17   0  16   1.0e+00             7.3e-05             107383.89   8.4e+08   4.6e+08   6.8e-01
   18   0  17   1.0e+00             7.3e-05             108206.16   8.0e+08   4.9e+08   6.9e-01
   19   0  18   1.0e+00             7.3e-05             109001.87   7.8e+08   4.7e+08   7.5e-01
   20   0  19   1.0e+00             7.3e-05             109771.48   7.5e+08   4.8e+08   7.8e-01
   21   0  20   1.0e+00             7.3e-05             110515.40   7.2e+08   4.6e+08   8.3e-01
   22   0  21   1.0e+00             7.3e-05             111233.97   7.0e+08   4.5e+08   8.8e-01
   23   0  22   1.0e+00             7.2e-05             111927.48   6.8e+08   4.4e+08   9.1e-01
   24   0  23   1.0e+00             7.1e-05             112596.13   6.6e+08   4.4e+08   9.4e-01
   25   0  24   1.0e+00             7.0e-05             113240.01   6.4e+08   4.4e+08   9.5e-01
   26   0  25   1.0e+00             6.9e-05             113859.04   6.3e+08   4.4e+08   9.6e-01
   27   0  26   1.0e+00             6.7e-05             114452.93   6.2e+08   4.4e+08   9.6e-01
   28   0  27   1.0e+00             6.5e-05             115021.05   6.1e+08   4.4e+08   9.5e-01
   29   0  28   1.0e+00             6.5e-05             115562.40   6.0e+08   4.5e+08   9.2e-01
   30   0  29   1.0e+00             6.1e-05             116075.40   6.0e+08   4.7e+08   8.8e-01
   31   0  30   1.0e+00             5.9e-05             116557.47   6.1e+08   4.9e+08   8.2e-01
   32   0  31   1.0e+00             5.9e-05             117004.60   6.2e+08   5.1e+08   7.5e-01
   33   0  32   1.0e+00             7.2e-05             117410.71   6.4e+08   5.4e+08   6.6e-01
   34   0  33   1.0e+00             1.6e-04             117766.32   6.7e+08   5.8e+08   5.4e-01
   35   0  34   1.0e+00             7.7e-04             118055.36   7.2e+08   6.6e+08   3.8e-01
   36   0  35   9.9e-01             7.1e-03             118253.10   8.0e+08   7.6e+08   1.9e-01
   37   0  36   5.6e-01             4.4e-01             118338.89   6.8e+08   6.7e+08   3.4e-02
   38   0  37   9.7e-01             2.6e-02             118363.60   9.8e+08   9.7e+08   2.1e-02
   39   1   0   1.0e+00   3.1e-05   6.7e-06   2.6e-07    90242.39   1.9e+09   8.0e+00   6.7e-02
   40   1   1   1.0e+00   3.8e-05   1.7e-05   2.4e-07    91558.91   1.7e+09   1.3e+02   1.7e-01
   41   1   2   1.0e+00   5.0e-05   2.5e-05   2.3e-07    92838.78   1.6e+09   2.2e+04   8.4e-02
   42   1   3   1.0e+00   6.4e-05   3.3e-05   2.2e-07    94084.08   1.5e+09   2.4e+05   6.2e-02
   43   1   4   1.0e+00   8.1e-05   3.9e-05   2.1e-07    95295.79   1.4e+09   1.8e+06   1.4e-01
   44   1   5   1.0e+00   1.0e-04   4.5e-05   2.1e-07    96474.57   1.4e+09   2.6e+07   6.8e-02
   45   1   6   1.0e+00   1.5e-04   4.9e-05   2.0e-07    97620.93   1.3e+09   4.3e+07   1.6e-01
   46   1   7   1.0e+00   4.9e-04   5.4e-05   2.0e-07    98735.22   1.2e+09   2.5e+08   1.1e-01
   47   1   8   1.0e+00   2.6e-04   5.8e-05   1.9e-07    99818.24   1.2e+09   3.7e+08   1.5e-01
   48   1   9   1.0e+00   5.5e-04   6.1e-05   1.9e-07   100869.88   1.1e+09   4.6e+08   2.2e-01
   49   1  10   1.0e+00   6.3e-04   6.4e-05   1.6e-07   101891.47   1.1e+09   4.4e+08   3.3e-01
   50   1  11   1.0e+00   5.3e-04   6.6e-05   1.8e-07   102882.33   1.0e+09   4.2e+08   4.2e-01
   51   1  12   1.0e+00   3.0e-03   6.8e-05   1.6e-07   103844.71   9.8e+08   5.1e+08   4.1e-01
   52   1  13   1.0e+00   5.2e-04   6.9e-05   1.6e-07   104776.56   9.4e+08   4.8e+08   5.1e-01
   53   1  14   6.9e-01   3.1e-01   5.4e-05   3.4e-06   105689.42   9.7e+08   3.4e+08   5.6e-01
   54   1  15   1.0e+00   5.5e-04   7.2e-05   1.5e-07   106556.76   8.7e+08   4.8e+08   6.1e-01
   55   1  16   9.9e-01   6.6e-03   7.1e-05   2.8e-07   107404.26   8.4e+08   4.6e+08   6.9e-01
   56   1  17   1.0e+00   6.9e-04   7.3e-05   1.4e-07   108226.99   8.0e+08   4.9e+08   6.9e-01
   57   1  18   1.0e+00   2.1e-03   7.3e-05   1.9e-07   109021.38   7.8e+08   4.7e+08   7.5e-01
   58   1  19   1.0e+00   1.2e-03   7.3e-05   1.4e-07   109791.15   7.5e+08   4.8e+08   7.8e-01
   59   1  20   1.0e+00   1.2e-03   8.1e-05   1.8e-07   110533.80   7.2e+08   4.6e+08   8.4e-01
   60   1  21   1.0e+00   3.2e-03   7.3e-05   1.3e-07   111252.70   7.0e+08   4.5e+08   8.8e-01
   61   1  22   1.0e+00   9.3e-04   7.2e-05   1.4e-07   111944.75   6.8e+08   4.4e+08   9.2e-01
   62   1  23   9.8e-01   2.4e-02   7.1e-05   4.0e-07   112614.94   6.7e+08   4.3e+08   9.5e-01
   63   1  24   1.0e+00   8.7e-04   7.0e-05   1.2e-07   113256.15   6.4e+08   4.4e+08   9.5e-01
   64   1  25   9.2e-01   7.6e-02   6.2e-05   1.4e-06   113871.06   6.6e+08   4.1e+08   9.6e-01
   65   1  26   1.0e+00   9.4e-04   6.7e-05   1.1e-07   114467.92   6.2e+08   4.4e+08   9.6e-01
   66   1  27   9.9e-01   1.0e-02   6.4e-05   2.7e-07   115034.24   6.1e+08   4.4e+08   9.4e-01
   67   1  28   1.0e+00   1.1e-03   6.4e-05   9.1e-08   115576.16   6.0e+08   4.5e+08   9.2e-01
   68   1  29   1.0e+00   5.4e-03   6.0e-05   1.7e-07   116087.63   6.1e+08   4.7e+08   8.8e-01
   69   1  30   1.0e+00   1.3e-03   5.9e-05   8.0e-08   116569.77   6.1e+08   4.9e+08   8.2e-01
   70   1  31   1.0e+00   4.9e-03   5.9e-05   1.5e-07   117015.29   6.3e+08   5.1e+08   7.5e-01
   71   1  32   1.0e+00   1.4e-03   7.2e-05   7.6e-08   117421.04   6.4e+08   5.4e+08   6.6e-01
   72   1  33   9.9e-01   5.7e-03   1.6e-04   1.2e-07   117774.69   6.7e+08   5.9e+08   5.3e-01
   73   1  34   1.0e+00   1.4e-03   8.0e-04   5.1e-08   118062.46   7.2e+08   6.6e+08   3.8e-01
   74   1  35   9.9e-01   1.7e-03   7.5e-03   7.4e-08   118257.40   8.0e+08   7.6e+08   1.9e-01
   75   1  36   7.7e-01   1.3e-02   2.2e-01   1.2e-05   118338.48   8.2e+08   8.0e+08   5.0e-02
   76   1  37   9.7e-01   7.7e-03   2.3e-02   1.6e-06   118364.71   1.0e+09   1.0e+09   2.1e-02
   77   2   0   1.0e+00   8.6e-05   6.7e-06   7.5e-07    90319.71   1.9e+09   9.6e+00   6.8e-02
   78   2   1   1.0e+00   1.1e-04   1.7e-05   7.1e-07    91632.40   1.7e+09   1.9e+02   1.3e-01
   79   2   2   1.0e+00   1.5e-04   2.5e-05   6.8e-07    92909.01   1.6e+09   2.2e+04   9.3e-02
   80   2   3   1.0e+00   1.9e-04   3.2e-05   6.5e-07    94151.43   1.5e+09   3.0e+05   6.2e-02
   81   2   4   1.0e+00   2.3e-04   3.9e-05   6.3e-07    95360.52   1.4e+09   1.8e+06   1.6e-01
   82   2   5   1.0e+00   3.0e-04   4.4e-05   6.1e-07    96536.87   1.4e+09   2.8e+07   7.3e-02
   83   2   6   1.0e+00   4.2e-04   4.9e-05   5.9e-07    97680.92   1.3e+09   5.1e+07   1.4e-01
   84   2   7   1.0e+00   1.2e-03   5.3e-05   5.9e-07    98792.92   1.2e+09   2.5e+08   1.2e-01
   85   2   8   1.0e+00   7.9e-04   5.7e-05   5.4e-07    99874.18   1.2e+09   3.9e+08   1.5e-01
   86   2   9   1.0e+00   1.4e-03   6.0e-05   5.6e-07   100923.56   1.1e+09   4.6e+08   2.3e-01
   87   2  10   1.0e+00   2.3e-03   6.3e-05   4.8e-07   101944.02   1.1e+09   4.4e+08   3.3e-01
   88   2  11   1.0e+00   1.4e-03   6.5e-05   5.2e-07   102932.44   1.0e+09   4.2e+08   4.3e-01
   89   2  12   9.8e-01   1.6e-02   6.8e-05   4.8e-07   103895.29   9.8e+08   5.0e+08   4.2e-01
   90   2  13   1.0e+00   1.4e-03   6.9e-05   4.8e-07   104823.48   9.4e+08   4.8e+08   5.1e-01
   91   2  14   8.7e-01   1.3e-01   5.8e-05   2.3e-06   105717.54   9.3e+08   4.2e+08   5.7e-01
   92   2  15   1.0e+00   1.6e-03   7.1e-05   4.3e-07   106600.76   8.7e+08   4.8e+08   6.2e-01
   93   2  16   9.9e-01   1.1e-02   7.0e-05   6.7e-07   107445.51   8.4e+08   4.6e+08   6.9e-01
   94   2  17   1.0e+00   2.2e-03   7.2e-05   3.9e-07   108268.38   8.0e+08   4.9e+08   6.9e-01
   95   2  18   1.0e+00   4.8e-03   7.1e-05   5.0e-07   109060.32   7.8e+08   4.7e+08   7.6e-01
   96   2  19   1.0e+00   4.2e-03   7.3e-05   3.7e-07   109830.27   7.5e+08   4.7e+08   7.9e-01
   97   2  20   1.0e+00   3.1e-03   7.2e-05   4.2e-07   110570.39   7.2e+08   4.6e+08   8.4e-01
   98   2  21   9.9e-01   1.4e-02   7.3e-05   4.3e-07   111290.31   7.1e+08   4.4e+08   8.9e-01
   99   2  22   1.0e+00   2.5e-03   7.1e-05   3.6e-07   111979.04   6.8e+08   4.4e+08   9.2e-01
  100   2  23   8.0e-01   2.0e-01   6.5e-05   3.0e-06   112657.29   7.5e+08   3.5e+08   9.5e-01
  101   2  24   1.0e+00   2.5e-03   6.9e-05   3.2e-07   113288.16   6.4e+08   4.4e+08   9.5e-01
  102   2  25   9.4e-01   5.6e-02   6.2e-05   1.3e-06   113900.31   6.5e+08   4.2e+08   9.6e-01
  103   2  26   1.0e+00   2.9e-03   6.7e-05   2.9e-07   114497.64   6.2e+08   4.4e+08   9.5e-01
  104   2  27   9.8e-01   1.7e-02   6.3e-05   5.6e-07   115061.21   6.1e+08   4.4e+08   9.4e-01
  105   2  28   1.0e+00   3.6e-03   6.3e-05   2.6e-07   115603.43   6.0e+08   4.5e+08   9.2e-01
  106   2  29   9.9e-01   1.1e-02   5.9e-05   4.1e-07   116112.23   6.1e+08   4.7e+08   8.7e-01
  107   2  30   1.0e+00   4.4e-03   5.9e-05   2.4e-07   116594.14   6.2e+08   4.9e+08   8.2e-01
  108   2  31   9.9e-01   9.9e-03   5.9e-05   4.1e-07   117036.73   6.3e+08   5.1e+08   7.4e-01
  109   2  32   1.0e+00   4.7e-03   7.4e-05   3.5e-07   117441.46   6.5e+08   5.4e+08   6.5e-01
  110   2  33   9.9e-01   1.1e-02   1.7e-04   2.9e-07   117791.48   6.8e+08   5.9e+08   5.2e-01
  111   2  34   9.9e-01   4.7e-03   8.8e-04   1.6e-07   118076.42   7.3e+08   6.6e+08   3.7e-01
  112   2  35   9.9e-01   3.5e-03   8.3e-03   1.8e-07   118265.77   8.2e+08   7.8e+08   1.8e-01
  113   2  36   9.2e-01   7.1e-03   6.9e-02   5.1e-06   118342.26   9.4e+08   9.3e+08   4.5e-02
  114   2  37   9.3e-01   5.3e-02   2.0e-02   5.1e-06   118366.06   1.0e+09   1.0e+09   2.2e-02
  115   3   0   1.0e+00   1.6e-04   6.6e-06   1.5e-06    90434.77   1.8e+09   1.2e+01   6.3e-02
  116   3   1   1.0e+00   2.2e-04   1.6e-05   1.4e-06    91741.83   1.7e+09   3.4e+02   6.1e-02
  117   3   2   1.0e+00   2.8e-04   2.5e-05   1.3e-06    93013.66   1.6e+09   2.2e+04   1.0e-01
  118   3   3   1.0e+00   3.6e-04   3.2e-05   1.3e-06    94251.82   1.5e+09   4.3e+05   4.9e-02
  119   3   4   1.0e+00   4.5e-04   3.8e-05   1.2e-06    95457.03   1.4e+09   1.8e+06   1.3e-01
  120   3   5   1.0e+00   5.7e-04   4.4e-05   1.2e-06    96629.78   1.4e+09   3.0e+07   7.5e-02
  121   3   6   1.0e+00   7.7e-04   4.8e-05   1.2e-06    97770.42   1.3e+09   6.7e+07   8.7e-02
  122   3   7   1.0e+00   1.8e-03   5.2e-05   1.2e-06    98879.11   1.2e+09   2.4e+08   1.3e-01
  123   3   8   1.0e+00   1.7e-03   5.6e-05   1.1e-06    99957.72   1.2e+09   4.3e+08   1.4e-01
  124   3   9   1.0e+00   2.3e-03   5.9e-05   1.1e-06   101003.79   1.1e+09   4.6e+08   2.3e-01
  125   3  10   9.9e-01   7.4e-03   6.3e-05   9.4e-07   102022.87   1.1e+09   4.4e+08   3.3e-01
  126   3  11   1.0e+00   2.4e-03   6.4e-05   1.0e-06   103007.37   1.0e+09   4.4e+08   3.8e-01
  127   3  12   8.6e-01   1.4e-01   6.6e-05   1.5e-06   103976.50   1.0e+09   4.3e+08   4.2e-01
  128   3  13   1.0e+00   2.6e-03   6.8e-05   9.3e-07   104893.63   9.4e+08   4.7e+08   5.0e-01
  129   3  14   9.5e-01   4.7e-02   6.3e-05   1.7e-06   105787.43   9.1e+08   4.5e+08   5.6e-01
  130   3  15   1.0e+00   3.2e-03   7.0e-05   8.4e-07   106666.63   8.6e+08   4.8e+08   6.2e-01
  131   3  16   9.9e-01   1.3e-02   6.8e-05   1.1e-06   107508.08   8.3e+08   4.5e+08   6.7e-01
  132   3  17   1.0e+00   5.0e-03   7.2e-05   7.6e-07   108330.44   8.0e+08   4.8e+08   7.0e-01
  133   3  18   9.9e-01   6.9e-03   7.0e-05   9.1e-07   109118.93   7.7e+08   4.6e+08   7.5e-01
  134   3  19   9.9e-01   1.2e-02   7.3e-05   7.4e-07   109889.30   7.5e+08   4.6e+08   7.9e-01
  135   3  20   1.0e+00   5.0e-03   7.1e-05   7.8e-07   110625.32   7.2e+08   4.6e+08   8.5e-01
  136   3  21   9.3e-01   6.5e-02   7.3e-05   1.3e-06   111349.22   7.3e+08   4.2e+08   8.9e-01
  137   3  22   1.0e+00   4.5e-03   7.0e-05   6.9e-07   112030.45   6.8e+08   4.4e+08   9.2e-01
  138   3  23   7.6e-01   2.4e-01   5.1e-05   4.7e-06   112678.55   7.5e+08   3.3e+08   9.5e-01
  139   3  24   1.0e+00   4.9e-03   6.9e-05   6.4e-07   113336.17   6.4e+08   4.4e+08   9.5e-01
  140   3  25   9.6e-01   3.8e-02   6.2e-05   1.3e-06   113945.75   6.4e+08   4.2e+08   9.6e-01
  141   3  26   9.9e-01   6.2e-03   6.6e-05   5.6e-07   114542.24   6.2e+08   4.4e+08   9.5e-01
  142   3  27   9.8e-01   1.8e-02   6.1e-05   8.4e-07   115102.51   6.1e+08   4.4e+08   9.4e-01
  143   3  28   9.9e-01   8.4e-03   6.3e-05   5.3e-07   115644.41   6.1e+08   4.5e+08   9.2e-01
  144   3  29   9.9e-01   1.4e-02   5.8e-05   6.7e-07   116149.58   6.1e+08   4.6e+08   8.7e-01
  145   3  30   9.9e-01   1.1e-02   5.9e-05   4.9e-07   116630.80   6.2e+08   4.9e+08   8.1e-01
  146   3  31   9.9e-01   1.3e-02   5.9e-05   5.8e-07   117069.20   6.3e+08   5.1e+08   7.4e-01
  147   3  32   9.9e-01   1.2e-02   7.7e-05   1.1e-06   117472.12   6.5e+08   5.5e+08   6.4e-01
  148   3  33   9.9e-01   1.3e-02   1.8e-04   4.7e-07   117816.81   6.8e+08   5.9e+08   5.2e-01
  149   3  34   9.9e-01   1.2e-02   1.0e-03   4.4e-07   118097.18   7.4e+08   6.7e+08   3.5e-01
  150   3  35   9.9e-01   4.9e-03   9.8e-03   3.1e-07   118277.89   8.3e+08   8.0e+08   1.7e-01
  151   3  36   9.6e-01   4.7e-03   3.4e-02   1.7e-06   118347.21   1.0e+09   9.9e+08   3.9e-02
  152   3  37   9.7e-01   7.0e-03   2.6e-02   1.3e-05   118369.30   1.1e+09   1.1e+09   1.8e-02
  153   4   0   1.0e+00   2.6e-04   6.6e-06   2.4e-06    90586.50   1.8e+09   1.6e+01   7.9e-02
  154   4   1   1.0e+00   3.5e-04   1.6e-05   2.3e-06    91886.28   1.7e+09   8.3e+02   6.0e-02
  155   4   2   1.0e+00   4.5e-04   2.4e-05   2.2e-06    93151.89   1.6e+09   2.1e+04   1.2e-01
  156   4   3   1.0e+00   5.6e-04   3.1e-05   2.1e-06    94384.50   1.5e+09   6.5e+05   6.3e-02
  157   4   4   1.0e+00   7.0e-04   3.8e-05   2.0e-06    95584.64   1.4e+09   2.7e+06   1.1e-01
  158   4   5   1.0e+00   8.8e-04   4.3e-05   2.0e-06    96752.66   1.4e+09   3.1e+07   9.4e-02
  159   4   6   1.0e+00   1.2e-03   4.8e-05   1.9e-06    97888.84   1.3e+09   1.1e+08   8.9e-02
  160   4   7   1.0e+00   2.3e-03   5.1e-05   1.9e-06    98993.27   1.2e+09   2.3e+08   1.5e-01
  161   4   8   1.0e+00   3.8e-03   5.6e-05   1.7e-06   100068.50   1.2e+09   4.6e+08   1.5e-01
  162   4   9   1.0e+00   3.0e-03   5.8e-05   1.8e-06   101110.17   1.1e+09   4.8e+08   2.4e-01
  163   4  10   9.6e-01   3.6e-02   6.3e-05   1.5e-06   102129.42   1.1e+09   4.3e+08   3.4e-01
  164   4  11   1.0e+00   3.4e-03   6.3e-05   1.6e-06   103106.77   1.0e+09   4.8e+08   3.8e-01
  165   4  12   8.4e-01   1.6e-01   5.3e-05   3.5e-06   104046.22   9.9e+08   4.3e+08   4.3e-01
  166   4  13   1.0e+00   4.0e-03   6.7e-05   1.5e-06   104986.78   9.3e+08   4.9e+08   5.1e-01
  167   4  14   9.8e-01   2.5e-02   6.4e-05   2.0e-06   105878.20   9.0e+08   4.8e+08   5.7e-01
  168   4  15   9.9e-01   5.7e-03   7.0e-05   1.4e-06   106754.20   8.6e+08   4.8e+08   6.3e-01
  169   4  16   9.9e-01   1.2e-02   6.7e-05   1.6e-06   107591.71   8.3e+08   4.7e+08   6.8e-01
  170   4  17   9.9e-01   1.1e-02   7.2e-05   1.2e-06   108413.33   8.0e+08   4.8e+08   7.1e-01
  171   4  18   9.9e-01   8.2e-03   6.9e-05   1.4e-06   109197.09   7.7e+08   4.7e+08   7.6e-01
  172   4  19   9.6e-01   4.1e-02   7.4e-05   1.4e-06   109969.78   7.6e+08   4.5e+08   8.0e-01
  173   4  20   9.9e-01   6.9e-03   7.0e-05   1.2e-06   110698.49   7.2e+08   4.6e+08   8.5e-01
  174   4  21   5.7e-01   4.3e-01   7.1e-05   6.5e-06   111446.48   8.7e+08   2.5e+08   9.0e-01
  175   4  22   9.9e-01   7.0e-03   6.9e-05   1.1e-06   112098.93   6.8e+08   4.4e+08   9.2e-01
  176   4  23   9.3e-01   7.4e-02   6.0e-05   2.4e-06   112750.87   6.8e+08   4.1e+08   9.5e-01
  177   4  24   9.9e-01   8.6e-03   6.8e-05   1.0e-06   113400.18   6.4e+08   4.4e+08   9.5e-01
  178   4  25   9.7e-01   2.7e-02   6.2e-05   1.5e-06   114006.62   6.4e+08   4.3e+08   9.6e-01
  179   4  26   9.9e-01   1.3e-02   6.6e-05   9.3e-07   114601.87   6.2e+08   4.4e+08   9.5e-01
  180   4  27   9.8e-01   1.7e-02   6.1e-05   1.1e-06   115157.97   6.1e+08   4.4e+08   9.4e-01
  181   4  28   9.8e-01   2.0e-02   6.4e-05   1.7e-06   115699.44   6.1e+08   4.5e+08   9.2e-01
  182   4  29   9.9e-01   1.5e-02   5.7e-05   9.7e-07   116199.60   6.1e+08   4.7e+08   8.7e-01
  183   4  30   9.7e-01   2.8e-02   6.1e-05   9.1e-07   116680.21   6.3e+08   4.9e+08   7.9e-01
  184   4  31   9.9e-01   1.4e-02   5.9e-05   8.2e-07   117112.58   6.3e+08   5.2e+08   7.3e-01
  185   4  32   9.7e-01   3.2e-02   8.7e-05   9.1e-07   117513.37   6.6e+08   5.5e+08   6.2e-01
  186   4  33   9.9e-01   1.4e-02   2.1e-04   8.1e-07   117850.42   6.9e+08   6.0e+08   5.0e-01
  187   4  34   9.6e-01   4.0e-02   1.5e-03   7.1e-06   118124.89   7.6e+08   6.9e+08   3.3e-01
  188   4  35   9.8e-01   6.1e-03   1.2e-02   5.9e-07   118293.09   8.4e+08   8.1e+08   1.5e-01
  189   4  36   9.8e-01   4.5e-03   2.0e-02   5.2e-07   118353.14   1.0e+09   1.0e+09   3.3e-02
  190   4  37   7.4e-01   5.1e-03   2.6e-01   1.6e-04   118373.78   9.0e+08   8.9e+08   1.6e-02
  191   5   0   1.0e+00   3.6e-04   6.5e-06   3.5e-06    90773.52   1.8e+09   1.8e+01   8.1e-02
  192   5   1   1.0e+00   4.9e-04   1.6e-05   3.3e-06    92064.55   1.7e+09   1.4e+03   6.0e-02
  193   5   2   1.0e+00   6.3e-04   2.4e-05   3.2e-06    93322.60   1.6e+09   2.2e+04   1.2e-01
  194   5   3   1.0e+00   7.9e-04   3.1e-05   3.1e-06    94548.48   1.5e+09   7.7e+05   6.7e-02
  195   5   4   1.0e+00   9.8e-04   3.7e-05   3.0e-06    95742.43   1.4e+09   4.0e+06   9.3e-02
  196   5   5   1.0e+00   1.2e-03   4.2e-05   2.9e-06    96904.68   1.4e+09   3.0e+07   1.0e-01
  197   5   6   1.0e+00   1.6e-03   4.7e-05   2.8e-06    98035.42   1.3e+09   1.3e+08   8.1e-02
  198   5   7   1.0e+00   2.7e-03   5.0e-05   2.8e-06    99134.68   1.2e+09   2.3e+08   1.6e-01
  199   5   8   9.9e-01   1.3e-02   5.5e-05   2.5e-06   100206.57   1.2e+09   4.6e+08   1.5e-01
  200   5   9   1.0e+00   3.6e-03   5.7e-05   2.6e-06   101242.08   1.1e+09   4.7e+08   2.5e-01
  201   5  10   6.1e-01   3.9e-01   5.0e-05   4.8e-06   102224.62   1.1e+09   2.7e+08   3.4e-01
  202   5  11   1.0e+00   4.5e-03   6.2e-05   2.4e-06   103230.15   1.0e+09   4.9e+08   3.6e-01
  203   5  12   9.6e-01   3.8e-02   5.9e-05   2.9e-06   104172.90   9.7e+08   4.9e+08   4.4e-01
  204   5  13   9.9e-01   6.0e-03   6.6e-05   2.2e-06   105102.55   9.3e+08   4.8e+08   5.1e-01
  205   5  14   9.8e-01   1.7e-02   6.4e-05   2.5e-06   105990.27   8.9e+08   4.8e+08   5.7e-01
  206   5  15   9.9e-01   1.1e-02   6.9e-05   2.0e-06   106863.44   8.6e+08   4.8e+08   6.3e-01
  207   5  16   9.9e-01   1.1e-02   6.6e-05   2.2e-06   107695.88   8.3e+08   4.7e+08   6.7e-01
  208   5  17   9.7e-01   3.3e-02   7.3e-05   1.9e-06   108518.22   8.1e+08   4.7e+08   7.2e-01
  209   5  18   9.9e-01   9.3e-03   6.8e-05   2.0e-06   109294.46   7.7e+08   4.7e+08   7.6e-01
  210   5  19   7.4e-01   2.6e-01   8.1e-05   4.2e-06   110083.35   8.4e+08   3.4e+08   8.1e-01
  211   5  20   9.9e-01   9.0e-03   6.9e-05   1.8e-06   110789.67   7.2e+08   4.5e+08   8.6e-01
  212   5  21   8.8e-01   1.2e-01   5.8e-05   3.8e-06   111482.20   7.4e+08   4.0e+08   9.0e-01
  213   5  22   9.9e-01   1.1e-02   6.9e-05   1.6e-06   112184.39   6.8e+08   4.4e+08   9.3e-01
  214   5  23   9.6e-01   3.7e-02   6.2e-05   2.2e-06   112834.74   6.7e+08   4.2e+08   9.4e-01
  215   5  24   9.8e-01   1.6e-02   6.9e-05   1.5e-06   113480.35   6.5e+08   4.4e+08   9.5e-01
  216   5  25   9.8e-01   2.2e-02   6.2e-05   1.7e-06   114082.40   6.3e+08   4.3e+08   9.5e-01
  217   5  26   9.7e-01   2.9e-02   6.8e-05   1.5e-06   114677.18   6.3e+08   4.3e+08   9.5e-01
  218   5  27   9.8e-01   1.7e-02   6.0e-05   1.5e-06   115227.24   6.1e+08   4.4e+08   9.4e-01
  219   5  28   9.4e-01   5.9e-02   6.8e-05   1.8e-06   115770.10   6.3e+08   4.4e+08   9.1e-01
  220   5  29   9.9e-01   1.5e-02   5.7e-05   1.4e-06   116262.02   6.1e+08   4.6e+08   8.7e-01
  221   5  30   9.0e-01   1.0e-01   7.2e-05   2.0e-06   116744.90   6.7e+08   5.0e+08   7.1e-01
  222   5  31   9.8e-01   1.5e-02   6.0e-05   1.1e-06   117166.55   6.4e+08   5.2e+08   7.1e-01
  223   5  32   8.8e-01   1.2e-01   1.3e-04   2.0e-06   117567.66   7.1e+08   5.6e+08   5.4e-01
  224   5  33   9.9e-01   1.5e-02   2.5e-04   1.2e-06   117891.81   7.0e+08   6.1e+08   4.8e-01
  225   5  34   7.5e-01   2.4e-01   1.2e-02   4.2e-04   118163.24   8.6e+08   7.1e+08   2.4e-01
  226   5  35   9.8e-01   8.7e-03   1.6e-02   2.5e-06   118310.44   8.6e+08   8.3e+08   1.2e-01
  227   5  36   9.8e-01   5.8e-03   1.4e-02   1.3e-06   118359.72   1.1e+09   1.1e+09   2.7e-02
  228   6   0   1.0e+00   4.7e-04   6.4e-06   4.7e-06    90994.19   1.8e+09   2.2e+01   1.0e-01
  229   6   1   1.0e+00   6.4e-04   1.5e-05   4.5e-06    92275.18   1.7e+09   2.5e+03   7.3e-02
  230   6   2   1.0e+00   8.2e-04   2.3e-05   4.4e-06    93524.54   1.6e+09   3.0e+04   1.2e-01
  231   6   3   1.0e+00   1.0e-03   3.0e-05   4.2e-06    94742.57   1.5e+09   9.6e+05   8.7e-02
  232   6   4   1.0e+00   1.3e-03   3.6e-05   4.1e-06    95929.31   1.4e+09   6.6e+06   8.6e-02
  233   6   5   1.0e+00   1.6e-03   4.1e-05   4.0e-06    97084.83   1.3e+09   3.1e+07   1.2e-01
  234   6   6   1.0e+00   2.0e-03   4.5e-05   3.8e-06    98209.21   1.3e+09   1.7e+08   9.4e-02
  235   6   7   1.0e+00   3.0e-03   4.9e-05   3.7e-06    99302.45   1.2e+09   2.6e+08   1.6e-01
  236   6   8   5.8e-01   4.2e-01   7.2e-05   2.2e-06   100388.14   1.2e+09   2.8e+08   1.8e-01
  237   6   9   1.0e+00   4.2e-03   5.5e-05   3.5e-06   101398.75   1.1e+09   4.7e+08   2.7e-01
  238   6  10   9.6e-01   3.8e-02   5.5e-05   3.8e-06   102395.53   1.0e+09   4.3e+08   3.7e-01
  239   6  11   9.9e-01   5.8e-03   6.1e-05   3.2e-06   103376.89   1.0e+09   5.2e+08   3.8e-01
  240   6  12   9.8e-01   1.9e-02   5.9e-05   3.5e-06   104316.53   9.6e+08   5.0e+08   4.6e-01
  241   6  13   9.9e-01   9.9e-03   6.5e-05   2.9e-06   105240.67   9.3e+08   4.9e+08   5.3e-01
  242   6  14   9.9e-01   1.3e-02   6.3e-05   3.2e-06   106123.22   8.9e+08   4.9e+08   5.8e-01
  243   6  15   9.7e-01   2.8e-02   7.1e-05   2.7e-06   106995.24   8.6e+08   4.7e+08   6.5e-01
  244   6  16   9.9e-01   1.1e-02   6.5e-05   2.9e-06   107819.97   8.2e+08   4.9e+08   6.8e-01
  245   6  17   8.1e-01   1.9e-01   8.5e-05   3.9e-06   108655.03   8.6e+08   3.9e+08   7.3e-01
  246   6  18   9.9e-01   1.0e-02   6.7e-05   2.6e-06   109410.62   7.7e+08   4.7e+08   7.7e-01
  247   6  19   8.4e-01   1.6e-01   5.7e-05   5.1e-06   110144.50   7.8e+08   4.0e+08   8.2e-01
  248   6  20   9.9e-01   1.2e-02   6.8e-05   2.3e-06   110898.64   7.2e+08   4.5e+08   8.7e-01
  249   6  21   9.5e-01   4.5e-02   6.1e-05   3.1e-06   111592.64   7.0e+08   4.3e+08   9.0e-01
  250   6  22   9.8e-01   1.9e-02   7.0e-05   2.2e-06   112286.96   6.8e+08   4.4e+08   9.3e-01
  251   6  23   9.8e-01   2.5e-02   6.2e-05   2.5e-06   112933.03   6.6e+08   4.3e+08   9.5e-01
  252   6  24   9.6e-01   3.8e-02   7.2e-05   2.2e-06   113577.75   6.6e+08   4.3e+08   9.5e-01
  253   6  25   9.8e-01   1.9e-02   6.2e-05   2.3e-06   114172.64   6.3e+08   4.4e+08   9.5e-01
  254   6  26   8.9e-01   1.1e-01   7.7e-05   2.8e-06   114772.02   6.6e+08   4.0e+08   9.5e-01
  255   6  27   9.8e-01   1.7e-02   6.0e-05   1.9e-06   115309.91   6.1e+08   4.4e+08   9.4e-01
  256   6  28   7.0e-01   3.0e-01   9.4e-05   5.1e-06   115867.17   7.5e+08   3.8e+08   7.8e-01
  257   6  29   9.8e-01   1.7e-02   5.8e-05   1.7e-06   116336.50   6.2e+08   4.7e+08   8.7e-01
  258   6  30   5.3e-01   4.7e-01   1.0e-04   7.8e-06   116766.06   8.2e+08   4.6e+08   5.1e-01
  259   6  31   9.8e-01   1.8e-02   6.3e-05   1.4e-06   117230.74   6.4e+08   5.3e+08   7.0e-01
  260   6  32   6.2e-01   3.8e-01   2.3e-04   6.0e-06   117589.45   8.2e+08   6.5e+08   3.8e-01
  261   6  33   9.8e-01   1.8e-02   3.2e-04   1.2e-06   117940.38   7.0e+08   6.2e+08   4.7e-01
  262   6  34   8.7e-01   1.2e-01   4.1e-03   7.2e-05   118181.21   8.0e+08   7.3e+08   2.7e-01
  263   6  35   9.6e-01   2.0e-02   2.4e-02   1.1e-04   118328.97   8.9e+08   8.7e+08   9.6e-02
  264   6  36   9.8e-01   9.1e-03   8.6e-03   8.5e-04   118366.58   1.1e+09   1.1e+09   2.2e-02
  265   7   0   1.0e+00   5.8e-04   6.2e-06   6.1e-06    91246.63   1.8e+09   3.5e+01   9.0e-02
  266   7   1   1.0e+00   7.8e-04   1.5e-05   5.8e-06    92516.55   1.7e+09   4.1e+03   8.0e-02
  267   7   2   1.0e+00   1.0e-03   2.2e-05   5.6e-06    93756.19   1.6e+09   1.0e+05   6.0e-02
  268   7   3   1.0e+00   1.2e-03   2.9e-05   5.5e-06    94965.42   1.5e+09   1.0e+06   1.1e-01
  269   7   4   1.0e+00   1.5e-03   3.5e-05   5.3e-06    96144.03   1.4e+09   1.3e+07   7.2e-02
  270   7   5   1.0e+00   1.9e-03   4.0e-05   5.1e-06    97291.92   1.3e+09   5.3e+07   9.2e-02
  271   7   6   1.0e+00   2.3e-03   4.4e-05   5.0e-06    98409.10   1.3e+09   1.8e+08   1.1e-01
  272   7   7   1.0e+00   3.3e-03   4.8e-05   4.8e-06    99495.52   1.2e+09   3.9e+08   1.2e-01
  273   7   8   9.8e-01   2.1e-02   5.0e-05   4.8e-06   100548.92   1.1e+09   5.0e+08   1.9e-01
  274   7   9   1.0e+00   4.9e-03   5.4e-05   4.5e-06   101579.26   1.1e+09   4.7e+08   2.9e-01
  275   7  10   9.9e-01   1.5e-02   5.5e-05   4.6e-06   102572.62   1.0e+09   4.9e+08   3.4e-01
  276   7  11   9.9e-01   8.5e-03   6.0e-05   4.1e-06   103546.41   1.0e+09   5.2e+08   3.9e-01
  277   7  12   9.9e-01   1.3e-02   5.9e-05   4.3e-06   104480.69   9.6e+08   5.0e+08   4.7e-01
  278   7  13   9.8e-01   2.4e-02   6.7e-05   3.7e-06   105401.72   9.2e+08   4.9e+08   5.3e-01
  279   7  14   9.9e-01   1.1e-02   6.2e-05   4.0e-06   106276.41   8.8e+08   5.0e+08   5.9e-01
  280   7  15   8.3e-01   1.7e-01   8.6e-05   4.2e-06   107159.56   9.0e+08   4.0e+08   6.4e-01
  281   7  16   9.9e-01   1.1e-02   6.4e-05   3.6e-06   107963.34   8.2e+08   4.9e+08   6.9e-01
  282   7  17   8.3e-01   1.7e-01   5.9e-05   5.9e-06   108742.34   8.3e+08   4.1e+08   7.4e-01
  283   7  18   9.9e-01   1.3e-02   6.7e-05   3.3e-06   109545.15   7.6e+08   4.7e+08   7.9e-01
  284   7  19   9.5e-01   4.7e-02   6.0e-05   4.0e-06   110283.91   7.5e+08   4.4e+08   8.3e-01
  285   7  20   9.8e-01   2.0e-02   7.0e-05   3.0e-06   111025.49   7.2e+08   4.5e+08   8.8e-01
  286   7  21   9.7e-01   2.6e-02   6.2e-05   3.4e-06   111715.44   7.0e+08   4.4e+08   9.0e-01
  287   7  22   9.5e-01   4.7e-02   7.4e-05   3.0e-06   112408.27   6.9e+08   4.3e+08   9.3e-01
  288   7  23   9.8e-01   2.0e-02   6.2e-05   2.9e-06   113045.96   6.6e+08   4.4e+08   9.5e-01
  289   7  24   8.3e-01   1.7e-01   8.9e-05   4.1e-06   113700.15   7.2e+08   3.8e+08   9.3e-01
  290   7  25   9.8e-01   1.8e-02   6.2e-05   2.6e-06   114276.96   6.3e+08   4.4e+08   9.6e-01
  291   7  26   5.9e-01   4.1e-01   7.3e-05   8.5e-06   114811.42   7.9e+08   3.1e+08   8.4e-01
  292   7  27   9.8e-01   1.9e-02   6.1e-05   2.3e-06   115405.67   6.1e+08   4.4e+08   9.5e-01
  293   7  28   8.3e-01   1.7e-01   6.2e-05   4.7e-06   115907.08   6.8e+08   4.2e+08   8.4e-01
  294   7  29   9.8e-01   2.2e-02   5.9e-05   2.2e-06   116422.80   6.2e+08   4.8e+08   8.5e-01
  295   7  30   8.9e-01   1.1e-01   6.6e-05   3.4e-06   116867.40   6.6e+08   5.1e+08   7.1e-01
  296   7  31   9.8e-01   2.5e-02   7.0e-05   1.8e-06   117304.90   6.5e+08   5.3e+08   6.8e-01
  297   7  32   9.1e-01   8.9e-02   1.4e-04   2.6e-06   117668.51   7.0e+08   5.9e+08   5.4e-01
  298   7  33   9.7e-01   2.7e-02   4.4e-04   1.5e-06   117995.60   7.1e+08   6.4e+08   4.3e-01
  299   7  34   9.6e-01   3.3e-02   3.2e-03   2.3e-06   118223.80   7.8e+08   7.4e+08   2.6e-01
  300   7  35   5.8e-01   3.4e-01   7.3e-02   3.9e-04   118336.49   9.5e+08   9.0e+08   9.2e-02
  301   7  36   4.7e-01   3.9e-01   1.4e-01   3.3e-05   118355.04   9.7e+08   9.1e+08   6.8e-02
  302   7  37   9.3e-01   5.3e-02   1.9e-02   5.1e-04   118374.37   1.1e+09   1.1e+09   2.1e-02
  303   8   0   1.0e+00   6.7e-04   6.1e-06   7.5e-06    91528.83   1.8e+09   6.7e+01   8.5e-02
  304   8   1   1.0e+00   9.1e-04   1.4e-05   7.2e-06    92786.83   1.7e+09   4.5e+03   1.1e-01
  305   8   2   1.0e+00   1.2e-03   2.2e-05   7.0e-06    94015.92   1.6e+09   1.5e+05   8.3e-02
  306   8   3   1.0e+00   1.5e-03   2.8e-05   6.8e-06    95215.51   1.5e+09   1.3e+06   1.1e-01
  307   8   4   1.0e+00   1.8e-03   3.4e-05   6.6e-06    96385.18   1.4e+09   1.4e+07   1.0e-01
  308   8   5   1.0e+00   2.2e-03   3.9e-05   6.4e-06    97524.65   1.3e+09   6.4e+07   1.0e-01
  309   8   6   1.0e+00   2.6e-03   4.3e-05   6.2e-06    98633.84   1.2e+09   1.8e+08   1.3e-01
  310   8   7   1.0e+00   3.5e-03   4.6e-05   6.0e-06    99712.70   1.2e+09   3.9e+08   1.5e-01
  311   8   8   9.9e-01   8.4e-03   4.9e-05   5.9e-06   100760.47   1.1e+09   4.9e+08   2.1e-01
  312   8   9   9.9e-01   6.2e-03   5.3e-05   5.6e-06   101782.70   1.1e+09   4.6e+08   3.1e-01
  313   8  10   9.9e-01   9.8e-03   5.4e-05   5.6e-06   102770.00   1.0e+09   4.8e+08   3.7e-01
  314   8  11   9.8e-01   2.0e-02   6.1e-05   5.1e-06   103738.89   1.0e+09   5.1e+08   4.1e-01
  315   8  12   9.9e-01   1.0e-02   5.8e-05   5.2e-06   104665.14   9.5e+08   4.9e+08   5.0e-01
  316   8  13   8.1e-01   1.9e-01   8.9e-05   5.0e-06   105597.22   9.6e+08   4.0e+08   5.5e-01
  317   8  14   9.9e-01   1.1e-02   6.1e-05   4.8e-06   106449.10   8.8e+08   4.9e+08   6.0e-01
  318   8  15   8.6e-01   1.4e-01   6.0e-05   6.4e-06   107278.55   8.7e+08   4.3e+08   6.6e-01
  319   8  16   9.9e-01   1.3e-02   6.4e-05   4.4e-06   108125.42   8.2e+08   4.9e+08   7.0e-01
  320   8  17   9.6e-01   4.3e-02   5.9e-05   5.0e-06   108910.82   7.9e+08   4.6e+08   7.6e-01
  321   8  18   9.8e-01   2.1e-02   6.8e-05   4.0e-06   109698.13   7.6e+08   4.6e+08   8.0e-01
  322   8  19   9.8e-01   2.5e-02   6.1e-05   4.3e-06   110432.77   7.4e+08   4.5e+08   8.5e-01
  323   8  20   9.4e-01   5.5e-02   7.7e-05   3.9e-06   111172.55   7.3e+08   4.3e+08   8.9e-01
  324   8  21   9.8e-01   2.0e-02   6.2e-05   3.9e-06   111852.67   6.9e+08   4.4e+08   9.1e-01
  325   8  22   7.4e-01   2.6e-01   1.1e-04   5.9e-06   112562.56   7.8e+08   3.3e+08   9.3e-01
  326   8  23   9.8e-01   1.9e-02   6.3e-05   3.5e-06   113173.34   6.6e+08   4.4e+08   9.5e-01
  327   8  24   7.6e-01   2.4e-01   6.6e-05   6.9e-06   113764.47   7.2e+08   3.5e+08   9.5e-01
  328   8  25   9.8e-01   2.2e-02   6.3e-05   3.2e-06   114395.12   6.3e+08   4.4e+08   9.6e-01
  329   8  26   9.1e-01   9.0e-02   5.8e-05   4.3e-06   114949.45   6.4e+08   4.2e+08   9.4e-01
  330   8  27   9.7e-01   2.9e-02   6.4e-05   2.9e-06   115514.61   6.2e+08   4.4e+08   9.5e-01
  331   8  28   9.4e-01   5.6e-02   5.6e-05   3.4e-06   116018.07   6.2e+08   4.4e+08   9.0e-01
  332   8  29   9.6e-01   4.0e-02   6.6e-05   2.7e-06   116521.40   6.3e+08   4.8e+08   8.2e-01
  333   8  30   9.5e-01   4.5e-02   5.9e-05   2.9e-06   116961.89   6.4e+08   5.1e+08   7.5e-01
  334   8  31   9.5e-01   5.2e-02   9.1e-05   2.5e-06   117389.67   6.6e+08   5.4e+08   6.5e-01
  335   8  32   9.6e-01   3.9e-02   1.4e-04   2.3e-06   117744.07   6.8e+08   5.8e+08   5.6e-01
  336   8  33   9.2e-01   7.6e-02   7.4e-04   2.8e-06   118058.26   7.5e+08   6.6e+08   3.9e-01
  337   8  34   9.8e-01   1.9e-02   4.2e-03   1.7e-06   118265.46   8.0e+08   7.6e+08   2.3e-01
  338   8  35   9.6e-01   1.4e-02   2.5e-02   4.9e-06   118359.72   9.8e+08   9.7e+08   4.8e-02
  339   9   0   1.0e+00   7.6e-04   5.9e-06   8.9e-06    91838.62   1.8e+09   1.4e+02   9.6e-02
  340   9   1   1.0e+00   1.0e-03   1.4e-05   8.7e-06    93084.11   1.6e+09   8.0e+03   9.2e-02
  341   9   2   1.0e+00   1.3e-03   2.1e-05   8.4e-06    94301.97   1.6e+09   2.6e+05   8.5e-02
  342   9   3   1.0e+00   1.6e-03   2.7e-05   8.2e-06    95491.22   1.5e+09   2.0e+06   1.1e-01
  343   9   4   1.0e+00   2.0e-03   3.3e-05   7.9e-06    96651.21   1.4e+09   2.1e+07   9.2e-02
  344   9   5   1.0e+00   2.4e-03   3.7e-05   7.7e-06    97781.56   1.3e+09   9.2e+07   1.0e-01
  345   9   6   1.0e+00   2.9e-03   4.1e-05   7.4e-06    98882.09   1.2e+09   2.1e+08   1.4e-01
  346   9   7   1.0e+00   3.6e-03   4.5e-05   7.2e-06    99952.70   1.2e+09   4.8e+08   1.4e-01
  347   9   8   9.9e-01   6.0e-03   4.8e-05   7.1e-06   100993.07   1.1e+09   5.0e+08   2.3e-01
  348   9   9   9.9e-01   1.3e-02   5.3e-05   6.7e-06   102008.60   1.1e+09   4.6e+08   3.3e-01
  349   9  10   9.9e-01   7.9e-03   5.2e-05   6.6e-06   102987.76   1.0e+09   5.3e+08   3.6e-01
  350   9  11   7.3e-01   2.7e-01   1.0e-04   5.7e-06   103969.99   1.0e+09   3.8e+08   4.4e-01
  351   9  12   9.9e-01   9.3e-03   5.7e-05   6.2e-06   104869.14   9.4e+08   5.0e+08   5.1e-01
  352   9  13   9.2e-01   8.5e-02   5.8e-05   6.8e-06   105753.14   9.2e+08   4.7e+08   5.6e-01
  353   9  14   9.9e-01   1.2e-02   6.1e-05   5.7e-06   106640.61   8.7e+08   4.9e+08   6.2e-01
  354   9  15   9.7e-01   3.4e-02   5.7e-05   6.0e-06   107474.68   8.4e+08   4.8e+08   6.6e-01
  355   9  16   9.8e-01   2.1e-02   6.6e-05   5.3e-06   108306.28   8.1e+08   4.8e+08   7.1e-01
  356   9  17   9.8e-01   2.3e-02   5.9e-05   5.5e-06   109086.91   7.8e+08   4.7e+08   7.7e-01
  357   9  18   9.3e-01   6.6e-02   7.9e-05   5.1e-06   109872.91   7.8e+08   4.4e+08   8.1e-01
  358   9  19   9.8e-01   1.9e-02   6.1e-05   5.0e-06   110595.77   7.3e+08   4.5e+08   8.6e-01
  359   9  20   6.1e-01   4.0e-01   1.3e-04   8.0e-06   111365.82   8.6e+08   2.7e+08   9.0e-01
  360   9  21   9.8e-01   1.9e-02   6.3e-05   4.5e-06   112004.52   6.9e+08   4.4e+08   9.2e-01
  361   9  22   8.6e-01   1.4e-01   7.3e-05   6.7e-06   112646.48   7.1e+08   3.9e+08   9.4e-01
  362   9  23   9.8e-01   2.4e-02   6.5e-05   4.2e-06   113315.16   6.6e+08   4.4e+08   9.5e-01
  363   9  24   9.4e-01   5.9e-02   5.7e-05   4.8e-06   113916.26   6.5e+08   4.3e+08   9.5e-01
  364   9  25   9.6e-01   3.7e-02   6.9e-05   3.9e-06   114527.85   6.4e+08   4.3e+08   9.7e-01
  365   9  26   9.6e-01   3.9e-02   5.6e-05   4.1e-06   115079.32   6.2e+08   4.3e+08   9.6e-01
  366   9  27   9.3e-01   7.1e-02   7.8e-05   4.0e-06   115639.05   6.4e+08   4.2e+08   9.3e-01
  367   9  28   9.7e-01   3.2e-02   5.5e-05   3.5e-06   116133.47   6.2e+08   4.5e+08   9.0e-01
  368   9  29   8.6e-01   1.4e-01   1.0e-04   4.3e-06   116637.26   6.8e+08   5.1e+08   7.0e-01
  369   9  30   9.7e-01   3.0e-02   6.0e-05   3.1e-06   117062.28   6.4e+08   5.2e+08   7.4e-01
  370   9  31   7.6e-01   2.4e-01   2.3e-04   5.1e-06   117492.94   7.6e+08   6.1e+08   4.9e-01
  371   9  32   9.7e-01   2.9e-02   1.7e-04   2.4e-06   117823.84   6.8e+08   5.9e+08   5.4e-01
  372   9  33   5.9e-01   4.1e-01   1.7e-03   6.1e-06   118087.36   8.7e+08   7.5e+08   2.7e-01
  373   9  34   9.7e-01   2.2e-02   6.3e-03   3.7e-06   118306.41   8.3e+08   7.9e+08   1.8e-01
  374   9  35   9.7e-01   1.4e-02   1.8e-02   3.5e-06   118372.85   1.0e+09   1.0e+09   2.8e-02
  375  10   0   1.0e+00   8.4e-04   5.7e-06   1.0e-05    92173.80   1.7e+09   4.1e+02   8.3e-02
  376  10   1   1.0e+00   1.1e-03   1.3e-05   1.0e-05    93406.38   1.6e+09   2.2e+04   7.1e-02
  377  10   2   1.0e+00   1.4e-03   2.0e-05   9.8e-06    94612.49   1.5e+09   3.1e+05   1.1e-01
  378  10   3   1.0e+00   1.8e-03   2.6e-05   9.6e-06    95790.81   1.4e+09   5.7e+06   8.1e-02
  379  10   4   1.0e+00   2.2e-03   3.1e-05   9.3e-06    96940.55   1.4e+09   3.3e+07   8.8e-02
  380  10   5   1.0e+00   2.6e-03   3.6e-05   9.0e-06    98061.15   1.3e+09   1.1e+08   1.2e-01
  381  10   6   1.0e+00   3.1e-03   4.0e-05   8.8e-06    99152.38   1.2e+09   3.6e+08   1.1e-01
  382  10   7   1.0e+00   3.7e-03   4.3e-05   8.5e-06   100214.13   1.2e+09   5.2e+08   1.6e-01
  383  10   8   1.0e+00   5.2e-03   4.6e-05   8.3e-06   101246.22   1.1e+09   5.0e+08   2.6e-01
  384  10   9   6.2e-01   3.8e-01   1.0e-04   6.6e-06   102228.07   1.1e+09   3.2e+08   3.2e-01
  385  10  10   9.9e-01   7.2e-03   5.1e-05   7.8e-06   103225.00   1.0e+09   5.3e+08   3.8e-01
  386  10  11   9.6e-01   3.9e-02   5.3e-05   7.8e-06   104164.37   9.8e+08   5.0e+08   4.6e-01
  387  10  12   9.9e-01   1.0e-02   5.6e-05   7.2e-06   105091.87   9.4e+08   5.1e+08   5.1e-01
  388  10  13   9.8e-01   2.3e-02   5.4e-05   7.3e-06   105976.07   9.0e+08   5.0e+08   5.7e-01
  389  10  14   9.8e-01   2.0e-02   6.3e-05   6.7e-06   106850.99   8.7e+08   4.9e+08   6.3e-01
  390  10  15   9.8e-01   1.8e-02   5.6e-05   6.7e-06   107679.01   8.3e+08   4.9e+08   6.8e-01
  391  10  16   9.2e-01   8.4e-02   8.3e-05   6.4e-06   108510.99   8.3e+08   4.4e+08   7.3e-01
  392  10  17   9.8e-01   1.7e-02   5.9e-05   6.2e-06   109277.02   7.7e+08   4.7e+08   7.8e-01
  393  10  18   6.2e-01   3.8e-01   1.0e-04   1.0e-05   109989.46   8.6e+08   3.0e+08   8.2e-01
  394  10  19   9.8e-01   1.8e-02   6.2e-05   5.7e-06   110773.45   7.2e+08   4.6e+08   8.6e-01
  395  10  20   9.1e-01   8.7e-02   6.0e-05   6.7e-06   111464.21   7.2e+08   4.2e+08   9.0e-01
  396  10  21   9.8e-01   2.5e-02   6.6e-05   5.3e-06   112171.28   6.9e+08   4.4e+08   9.2e-01
  397  10  22   9.6e-01   4.3e-02   5.7e-05   5.6e-06   112816.96   6.7e+08   4.3e+08   9.5e-01
  398  10  23   9.5e-01   5.0e-02   7.4e-05   5.0e-06   113473.23   6.7e+08   4.3e+08   9.6e-01
  399  10  24   9.7e-01   3.1e-02   5.7e-05   4.9e-06   114067.74   6.4e+08   4.4e+08   9.7e-01
  400  10  25   8.6e-01   1.4e-01   1.0e-04   5.7e-06   114682.49   6.9e+08   3.8e+08   9.7e-01
  401  10  26   9.7e-01   2.7e-02   5.7e-05   4.4e-06   115216.97   6.2e+08   4.4e+08   9.7e-01
  402  10  27   5.7e-01   4.3e-01   1.8e-04   8.9e-06   115802.45   8.1e+08   3.7e+08   6.8e-01
  403  10  28   9.7e-01   2.8e-02   5.7e-05   4.0e-06   116257.60   6.2e+08   4.7e+08   8.7e-01
  404  10  29   7.2e-01   2.8e-01   1.3e-04   7.1e-06   116700.22   7.3e+08   5.5e+08   5.7e-01
  405  10  30   9.7e-01   3.1e-02   6.6e-05   3.4e-06   117170.43   6.4e+08   5.2e+08   7.3e-01
  406  10  31   8.4e-01   1.6e-01   1.9e-04   6.4e-06   117546.83   7.1e+08   5.9e+08   5.4e-01
  407  10  32   9.6e-01   3.4e-02   2.4e-04   2.8e-06   117908.68   7.0e+08   6.1e+08   5.0e-01
  408  10  33   9.4e-01   5.6e-02   1.2e-03   3.1e-06   118170.13   7.6e+08   7.0e+08   3.4e-01
  409  10  34   8.7e-01   1.2e-01   1.1e-02   5.4e-06   118347.42   9.0e+08   8.6e+08   1.2e-01



J/A+AS/141/297/table2
----------------------
Data for the C+ state (128 rows)	 

 Full   J   v   rho(B)    rho(C)    rho(B')   rho(D)     E(v,J)       At        Ac        Ek   
                                                          cm-1        s-1       s-1       eV   

    1   1   0   6.9e-04   1.0e+00   3.9e-06   1.8e-06    99152.26   1.2e+09   1.6e+05   1.0e-01
    2   1   1   1.2e-03   1.0e+00   4.0e-06   6.0e-06   101457.97   1.2e+09   4.6e+05   2.8e-01
    3   1   2   3.6e-03   1.0e+00   3.9e-06   9.3e-06   103629.16   1.1e+09   1.9e+06   4.0e-01
    4   1   3   3.1e-01   6.9e-01   2.1e-05   8.5e-06   105661.12   1.0e+09   1.5e+08   5.6e-01
    5   1   4   7.4e-03   9.9e-01   5.1e-06   1.3e-05   107581.26   1.1e+09   3.2e+06   7.0e-01
    6   1   5   3.4e-03   1.0e+00   4.4e-06   1.5e-05   109361.98   1.1e+09   1.5e+06   7.9e-01
    7   1   6   4.5e-03   1.0e+00   4.2e-06   1.5e-05   111012.83   1.1e+09   2.8e+06   6.7e-01
    8   1   7   2.5e-02   9.8e-01   4.8e-06   1.5e-05   112530.36   1.1e+09   1.3e+07   8.6e-01
    9   1   8   7.7e-02   9.2e-01   1.2e-05   1.4e-05   113918.04   1.0e+09   7.2e+07   4.9e-01
   10   1   9   1.1e-02   9.9e-01   9.8e-06   6.5e-04   115153.99   1.1e+09   7.1e+07   2.3e-01
   11   1  10   6.7e-03   9.9e-01   8.1e-06   1.4e-05   116237.42   1.1e+09   4.1e+08   8.4e-02
   12   1  11   6.2e-03   9.9e-01   1.5e-05   1.3e-05   117150.62   1.1e+09   4.6e+08   1.5e-01
   13   1  12   7.1e-03   9.9e-01   4.4e-04   1.0e-05   117868.72   1.1e+09   7.0e+08   1.3e-01
   14   1  13   4.8e-02   9.4e-01   1.4e-02   6.4e-06   118349.92   1.1e+09   9.2e+08   7.5e-02
   15   2   0   1.8e-03   1.0e+00   1.2e-05   1.8e-06    99276.05   1.2e+09   4.4e+05   1.1e-01
   16   2   1   3.7e-03   1.0e+00   1.2e-05   6.0e-06   101575.38   1.2e+09   1.5e+06   2.9e-01
   17   2   2   1.8e-02   9.8e-01   1.2e-05   9.3e-06   103738.99   1.1e+09   9.5e+06   4.1e-01
   18   2   3   1.3e-01   8.7e-01   2.4e-05   9.9e-06   105784.01   1.1e+09   6.3e+07   5.7e-01
   19   2   4   1.4e-02   9.9e-01   1.4e-05   1.3e-05   107681.73   1.1e+09   5.9e+06   7.0e-01
   20   2   5   9.3e-03   9.9e-01   1.3e-05   1.5e-05   109455.37   1.1e+09   4.1e+06   8.0e-01
   21   2   6   1.8e-02   9.8e-01   1.2e-05   1.5e-05   111098.59   1.1e+09   9.0e+06   8.1e-01
   22   2   7   2.0e-01   8.0e-01   1.9e-05   1.3e-05   112602.23   9.8e+08   9.2e+07   9.4e-01
   23   2   8   5.9e-02   9.4e-01   2.0e-05   1.4e-05   113993.63   1.0e+09   6.8e+07   4.1e-01
   24   2   9   2.1e-02   9.8e-01   1.9e-05   1.6e-05   115222.05   1.1e+09   7.6e+07   2.7e-01
   25   2  10   1.5e-02   9.9e-01   2.4e-05   1.4e-05   116297.24   1.1e+09   4.3e+08   9.5e-02
   26   2  11   1.5e-02   9.9e-01   4.8e-05   1.2e-05   117201.46   1.1e+09   4.8e+08   1.6e-01
   27   2  12   1.6e-02   9.8e-01   9.5e-04   1.1e-05   117908.84   1.1e+09   6.8e+08   1.4e-01
   28   2  13   1.2e-01   8.6e-01   1.4e-02   7.6e-06   118375.19   1.1e+09   9.2e+08   6.9e-02
   29   3   0   3.3e-03   1.0e+00   2.3e-05   1.8e-06    99460.20   1.2e+09   8.8e+05   1.2e-01
   30   3   1   9.7e-03   9.9e-01   2.3e-05   6.1e-06   101749.60   1.2e+09   4.2e+06   3.0e-01
   31   3   2   1.4e-01   8.6e-01   2.4e-05   8.7e-06   103896.55   1.1e+09   7.3e+07   4.1e-01
   32   3   3   5.0e-02   9.5e-01   3.0e-05   1.1e-05   105938.83   1.1e+09   2.3e+07   5.6e-01
   33   3   4   1.8e-02   9.8e-01   2.6e-05   1.3e-05   107829.89   1.1e+09   7.8e+06   6.9e-01
   34   3   5   2.0e-02   9.8e-01   2.5e-05   1.5e-05   109593.12   1.1e+09   8.9e+06   7.9e-01
   35   3   6   7.1e-02   9.3e-01   2.4e-05   1.5e-05   111222.99   1.0e+09   3.4e+07   8.5e-01
   36   3   7   2.5e-01   7.5e-01   4.6e-05   1.1e-05   112750.61   9.7e+08   1.1e+08   9.1e-01
   37   3   8   4.5e-02   9.5e-01   3.3e-05   1.4e-05   114103.81   1.0e+09   6.6e+07   3.2e-01
   38   3   9   2.7e-02   9.7e-01   3.5e-05   1.5e-05   115321.64   1.0e+09   9.0e+07   2.2e-01
   39   3  10   2.5e-02   9.8e-01   4.7e-05   1.4e-05   116384.81   1.1e+09   4.5e+08   1.0e-01
   40   3  11   2.5e-02   9.8e-01   1.0e-04   1.2e-05   117275.67   1.1e+09   5.2e+08   1.3e-01
   41   3  12   2.6e-02   9.7e-01   1.8e-03   1.5e-05   117966.89   1.1e+09   6.6e+08   1.2e-01
   42   4   0   5.8e-03   9.9e-01   3.8e-05   1.9e-06    99702.94   1.2e+09   1.8e+06   1.3e-01
   43   4   1   3.9e-02   9.6e-01   3.7e-05   6.2e-06   101977.12   1.2e+09   1.8e+07   3.3e-01
   44   4   2   1.7e-01   8.3e-01   5.2e-05   7.4e-06   104141.89   1.1e+09   8.1e+07   4.4e-01
   45   4   3   3.1e-02   9.7e-01   4.4e-05   1.1e-05   106144.39   1.1e+09   1.4e+07   5.7e-01
   46   4   4   2.4e-02   9.8e-01   4.1e-05   1.3e-05   108023.69   1.1e+09   1.1e+07   7.0e-01
   47   4   5   5.1e-02   9.5e-01   3.9e-05   1.4e-05   109771.72   1.1e+09   2.4e+07   8.0e-01
   48   4   6   4.4e-01   5.6e-01   4.1e-05   9.9e-06   111367.02   9.0e+08   2.0e+08   8.9e-01
   49   4   7   8.4e-02   9.2e-01   5.2e-05   1.4e-05   112901.46   1.0e+09   4.1e+07   8.3e-01
   50   4   8   4.1e-02   9.6e-01   5.0e-05   1.5e-05   114247.34   1.0e+09   7.1e+07   3.1e-01
   51   4   9   3.8e-02   9.6e-01   5.6e-05   1.5e-05   115450.75   1.0e+09   1.3e+08   2.2e-01
   52   4  10   4.3e-02   9.6e-01   7.9e-05   1.3e-05   116497.87   1.0e+09   4.6e+08   1.3e-01
   53   4  11   4.6e-02   9.5e-01   1.8e-04   1.2e-05   117370.98   1.1e+09   6.5e+08   1.4e-01
   54   4  12   5.5e-02   9.4e-01   3.7e-03   3.0e-05   118040.32   1.1e+09   7.5e+08   1.4e-01
   55   5   0   1.5e-02   9.8e-01   5.6e-05   2.0e-06   100001.52   1.2e+09   6.4e+06   1.4e-01
   56   5   1   3.9e-01   6.1e-01   6.9e-05   3.7e-06   102294.32   1.1e+09   1.7e+08   3.5e-01
   57   5   2   4.4e-02   9.6e-01   6.4e-05   8.8e-06   104403.89   1.1e+09   1.9e+07   4.7e-01
   58   5   3   2.8e-02   9.7e-01   6.2e-05   1.2e-05   106397.37   1.1e+09   1.3e+07   5.8e-01
   59   5   4   4.5e-02   9.5e-01   5.9e-05   1.4e-05   108259.65   1.1e+09   2.2e+07   7.1e-01
   60   5   5   2.7e-01   7.3e-01   5.0e-05   1.2e-05   109977.14   9.9e+08   1.3e+08   8.1e-01
   61   5   6   1.3e-01   8.7e-01   7.3e-05   1.3e-05   111628.13   1.0e+09   5.7e+07   9.0e-01
   62   5   7   5.5e-02   9.4e-01   7.4e-05   1.5e-05   113091.64   1.0e+09   3.1e+07   7.2e-01
   63   5   8   5.2e-02   9.5e-01   7.1e-05   1.5e-05   114421.66   1.0e+09   7.9e+07   3.3e-01
   64   5   9   7.7e-02   9.2e-01   8.0e-05   1.4e-05   115605.73   1.0e+09   1.8e+08   2.5e-01
   65   5  10   1.2e-01   8.8e-01   1.1e-04   1.3e-05   116631.72   1.0e+09   4.6e+08   1.9e-01
   66   5  11   1.4e-01   8.6e-01   2.8e-04   1.1e-05   117482.54   1.0e+09   6.7e+08   1.5e-01
   67   5  12   2.7e-01   7.3e-01   6.9e-03   1.6e-04   118122.03   1.0e+09   7.0e+08   1.6e-01
   68   6   0   4.2e-01   5.8e-01   6.2e-05   3.4e-06   100336.45   1.2e+09   2.0e+08   1.7e-01
   69   6   1   4.3e-02   9.6e-01   8.6e-05   5.8e-06   102610.91   1.2e+09   1.7e+07   3.8e-01
   70   6   2   2.9e-02   9.7e-01   8.5e-05   9.3e-06   104719.17   1.1e+09   1.2e+07   5.0e-01
   71   6   3   4.2e-02   9.6e-01   8.2e-05   1.2e-05   106693.78   1.1e+09   2.1e+07   6.1e-01
   72   6   4   2.0e-01   8.0e-01   6.9e-05   1.2e-05   108525.10   1.0e+09   1.0e+08   7.2e-01
   73   6   5   1.7e-01   8.3e-01   9.6e-05   1.2e-05   110291.98   1.0e+09   7.8e+07   8.2e-01
   74   6   6   6.6e-02   9.3e-01   9.1e-05   1.5e-05   111866.86   1.0e+09   2.9e+07   9.0e-01
   75   6   7   4.4e-02   6.2e-01   3.2e-01   1.3e-02   113314.30   7.9e+08   2.7e+07   7.0e-01
   76   6   8   1.3e-01   8.7e-01   8.9e-05   1.4e-05   114620.42   1.0e+09   1.1e+08   5.4e-01
   77   6   9   3.2e-01   6.8e-01   8.9e-05   1.1e-05   115773.31   9.1e+08   3.0e+08   5.0e-01
   78   6  10   4.9e-01   5.1e-01   1.4e-04   7.4e-06   116842.51   8.6e+08   5.2e+08   4.3e-01
   79   6  11   4.0e-01   6.0e-01   4.0e-04   7.7e-06   117652.90   9.2e+08   7.1e+08   2.7e-01
   80   6  12   1.2e-01   6.6e-01   1.3e-01   8.8e-02   118241.44   8.9e+08   7.0e+08   1.2e-01
   81   7   0   2.4e-02   9.8e-01   1.1e-04   2.0e-06   100768.32   1.2e+09   9.4e+06   2.0e-01
   82   7   1   2.3e-02   9.8e-01   1.1e-04   6.2e-06   102992.64   1.2e+09   9.2e+06   3.7e-01
   83   7   2   3.7e-02   9.6e-01   1.1e-04   9.7e-06   105079.36   1.1e+09   1.8e+07   5.1e-01
   84   7   3   1.9e-01   8.1e-01   9.2e-05   1.2e-05   107020.27   1.0e+09   9.6e+07   6.3e-01
   85   7   4   1.8e-01   8.2e-01   1.2e-04   1.1e-05   108898.11   1.0e+09   8.3e+07   7.4e-01
   86   7   5   7.0e-02   9.3e-01   1.2e-04   1.4e-05   110581.87   1.1e+09   3.1e+07   8.3e-01
   87   7   6   7.6e-02   9.2e-01   1.1e-04   1.5e-05   112140.46   1.0e+09   3.4e+07   9.1e-01
   88   7   7   1.9e-01   8.1e-01   1.0e-04   1.4e-05   113557.78   9.8e+08   1.0e+08   8.2e-01
   89   7   8   4.3e-01   5.7e-01   1.3e-04   9.3e-06   114915.62   8.8e+08   2.3e+08   8.3e-01
   90   7   9   1.9e-01   8.0e-01   1.7e-04   1.2e-05   116033.93   9.8e+08   3.4e+08   3.0e-01
   91   7  10   1.4e-01   8.6e-01   2.7e-04   1.2e-05   117003.19   1.0e+09   6.7e+08   1.7e-01
   92   7  11   1.2e-01   8.8e-01   1.2e-03   2.8e-05   117788.46   1.0e+09   8.2e+08   1.5e-01
   93   8   0   1.3e-02   9.9e-01   1.4e-04   2.3e-06   101221.32   1.2e+09   3.9e+06   2.5e-01
   94   8   1   2.9e-02   9.7e-01   1.4e-04   6.7e-06   103420.29   1.1e+09   1.3e+07   4.0e-01
   95   8   2   2.0e-01   8.0e-01   1.2e-04   9.7e-06   105468.49   1.1e+09   1.0e+08   5.4e-01
   96   8   3   1.5e-01   8.5e-01   1.5e-04   1.1e-05   107450.82   1.1e+09   6.8e+07   6.7e-01
   97   8   4   6.7e-02   9.3e-01   1.5e-04   1.3e-05   109243.77   1.1e+09   2.9e+07   7.7e-01
   98   8   5   8.3e-02   9.2e-01   1.4e-04   1.5e-05   110909.25   1.0e+09   3.9e+07   8.5e-01
   99   8   6   2.8e-01   7.2e-01   1.1e-04   1.3e-05   112428.64   9.5e+08   1.3e+08   9.4e-01
  100   8   7   2.6e-01   7.4e-01   1.6e-04   1.2e-05   113901.68   9.6e+08   1.4e+08   8.1e-01
  101   8   8   1.2e-01   8.8e-01   1.8e-04   1.5e-05   115149.37   1.0e+09   1.3e+08   4.5e-01
  102   8   9   9.7e-02   9.0e-01   2.2e-04   1.4e-05   116255.13   1.0e+09   3.4e+08   2.2e-01
  103   8  10   9.9e-02   9.0e-01   3.8e-04   1.5e-05   117196.08   1.0e+09   6.5e+08   1.7e-01
  104   8  11   1.2e-01   8.8e-01   1.6e-03   1.1e-05   117943.97   1.0e+09   8.0e+08   1.6e-01
  105   9   0   1.8e-02   9.8e-01   1.7e-04   2.7e-06   101720.06   1.2e+09   6.3e+06   3.0e-01
  106   9   1   2.7e-01   7.3e-01   1.3e-04   7.5e-06   103872.80   1.1e+09   1.5e+08   4.3e-01
  107   9   2   9.7e-02   9.0e-01   1.8e-04   9.3e-06   105956.15   1.1e+09   4.3e+07   5.7e-01
  108   9   3   5.7e-02   9.4e-01   1.8e-04   1.2e-05   107858.17   1.1e+09   2.4e+07   7.0e-01
  109   9   4   9.1e-02   9.1e-01   1.7e-04   1.4e-05   109627.74   1.1e+09   4.3e+07   8.0e-01
  110   9   5   4.2e-01   5.8e-01   1.1e-04   1.2e-05   111239.01   9.1e+08   2.0e+08   8.8e-01
  111   9   6   1.7e-01   8.3e-01   1.9e-04   1.4e-05   112830.07   1.0e+09   7.8e+07   8.8e-01
  112   9   7   1.0e-01   9.0e-01   2.0e-04   1.5e-05   114195.50   1.0e+09   8.1e+07   5.6e-01
  113   9   8   1.1e-01   8.9e-01   2.1e-04   1.9e-05   115422.07   1.0e+09   1.6e+08   3.8e-01
  114   9   9   1.7e-01   8.3e-01   2.6e-04   1.4e-05   116494.42   9.8e+08   4.7e+08   2.3e-01
  115   9  10   2.7e-01   7.3e-01   4.4e-04   1.1e-05   117395.85   9.6e+08   7.5e+08   2.2e-01
  116   9  11   4.5e-01   5.5e-01   3.2e-03   7.4e-06   118146.22   9.4e+08   8.1e+08   2.1e-01
  117  10   0   3.8e-01   6.2e-01   1.6e-04   4.3e-06   102288.05   1.1e+09   1.9e+08   3.3e-01
  118  10   1   4.8e-02   9.5e-01   2.2e-04   6.9e-06   104420.69   1.1e+09   2.0e+07   4.7e-01
  119  10   2   4.4e-02   9.6e-01   2.2e-04   1.0e-05   106430.44   1.1e+09   1.9e+07   6.1e-01
  120  10   3   1.0e-01   8.9e-01   2.0e-04   1.3e-05   108301.14   1.1e+09   5.1e+07   7.2e-01
  121  10   4   4.0e-01   6.0e-01   1.8e-04   1.0e-05   110118.71   9.6e+08   1.8e+08   8.3e-01
  122  10   5   1.2e-01   8.8e-01   2.2e-04   1.4e-05   111706.57   1.0e+09   4.9e+07   9.0e-01
  123  10   6   9.7e-02   9.0e-01   2.2e-04   1.5e-05   113181.42   1.0e+09   5.4e+07   7.6e-01
  124  10   7   1.8e-01   8.2e-01   2.1e-04   1.5e-05   114515.26   9.8e+08   1.3e+08   6.5e-01
  125  10   8   4.6e-01   5.4e-01   1.6e-04   1.1e-05   115689.90   8.4e+08   3.1e+08   6.9e-01
  126  10   9   3.1e-01   6.9e-01   3.3e-04   1.1e-05   116813.01   9.4e+08   6.5e+08   2.6e-01
  127  10  10   2.0e-01   8.0e-01   8.1e-04   1.1e-05   117663.18   1.0e+09   8.0e+08   1.9e-01
  128  10  11   2.2e-01   7.7e-01   1.1e-02   1.5e-05   118295.57   1.0e+09   9.2e+08   1.4e-01


J/A+AS/141/297/table3
----------------------
Data for the C- state (129 rows)	 

 Full   J   v   rho(C)    rho(D)     E(v,J)       At        Ac        Ek   
                                      cm-1        s-1       s-1       eV   

    1   1   0   1.0e+00   1.8e-06    99151.04   1.2e+09   2.9e-02   1.0e+00
    2   1   1   1.0e+00   6.0e-06   101456.72   1.2e+09   3.4e-02   9.6e-01
    3   1   2   1.0e+00   9.3e-06   103628.30   1.1e+09   7.7e-01   1.9e-01
    4   1   3   1.0e+00   1.2e-05   105668.43   1.1e+09   2.2e+01   8.4e-02
    5   1   4   1.0e+00   1.3e-05   107578.95   1.1e+09   2.3e+03   9.4e-02
    6   1   5   1.0e+00   1.5e-05   109360.46   1.1e+09   9.1e+03   1.6e-01
    7   1   6   1.0e+00   1.5e-05   111011.97   1.1e+09   7.4e+05   7.7e-02
    8   1   7   1.0e+00   1.5e-05   112531.09   1.1e+09   1.5e+06   2.1e-01
    9   1   8   1.0e+00   1.5e-05   113913.44   1.1e+09   4.1e+07   6.8e-02
   10   1   9   1.0e+00   4.2e-04   115152.04   1.1e+09   6.5e+07   1.8e-01
   11   1  10   1.0e+00   1.4e-05   116236.05   1.1e+09   4.1e+08   7.8e-02
   12   1  11   1.0e+00   1.3e-05   117149.53   1.1e+09   4.6e+08   1.5e-01
   13   1  12   1.0e+00   1.0e-05   117867.88   1.1e+09   7.0e+08   1.3e-01
   14   1  13   1.0e+00   6.5e-06   118349.32   1.2e+09   9.4e+08   7.7e-02
   15   2   0   1.0e+00   1.8e-06    99272.55   1.2e+09   2.9e-02   1.0e+00
   16   2   1   1.0e+00   6.0e-06   101571.93   1.2e+09   3.8e-02   8.5e-01
   17   2   2   1.0e+00   9.2e-06   103737.38   1.1e+09   8.2e-01   1.9e-01
   18   2   3   1.0e+00   1.2e-05   105771.46   1.1e+09   3.1e+01   7.5e-02
   19   2   4   1.0e+00   1.3e-05   107676.01   1.1e+09   2.4e+03   1.0e-01
   20   2   5   1.0e+00   1.4e-05   109451.54   1.1e+09   1.2e+04   1.3e-01
   21   2   6   1.0e+00   1.5e-05   111097.01   1.1e+09   8.0e+05   8.3e-02
   22   2   7   1.0e+00   1.5e-05   112609.92   1.1e+09   1.6e+06   2.0e-01
   23   2   8   1.0e+00   1.5e-05   113985.80   1.1e+09   4.5e+07   7.3e-02
   24   2   9   1.0e+00   1.5e-05   115217.52   1.1e+09   6.4e+07   1.9e-01
   25   2  10   1.0e+00   1.4e-05   116293.98   1.1e+09   4.4e+08   8.0e-02
   26   2  11   1.0e+00   1.2e-05   117198.89   1.1e+09   4.7e+08   1.5e-01
   27   2  12   1.0e+00   1.0e-05   117906.96   1.1e+09   6.8e+08   1.4e-01
   28   2  13   1.0e+00   6.1e-06   118374.38   1.2e+09   9.1e+08   7.7e-02
   29   3   0   1.0e+00   1.8e-06    99453.63   1.2e+09   3.0e-02   1.1e+00
   30   3   1   1.0e+00   5.9e-06   101743.62   1.2e+09   4.5e-02   7.2e-01
   31   3   2   1.0e+00   9.2e-06   103899.88   1.1e+09   8.8e-01   2.0e-01
   32   3   3   1.0e+00   1.2e-05   105924.94   1.1e+09   5.1e+01   6.8e-02
   33   3   4   1.0e+00   1.3e-05   107820.57   1.1e+09   2.7e+03   1.1e-01
   34   3   5   1.0e+00   1.4e-05   109587.15   1.1e+09   2.0e+04   9.3e-02
   35   3   6   1.0e+00   1.5e-05   111223.58   1.1e+09   9.0e+05   9.1e-02
   36   3   7   1.0e+00   1.5e-05   112727.20   1.1e+09   2.0e+06   1.7e-01
   37   3   8   1.0e+00   1.5e-05   114093.39   1.1e+09   5.0e+07   8.0e-02
   38   3   9   1.0e+00   1.4e-05   115314.79   1.1e+09   6.8e+07   1.8e-01
   39   3  10   1.0e+00   1.3e-05   116379.90   1.1e+09   4.7e+08   8.6e-02
   40   3  11   1.0e+00   1.2e-05   117271.88   1.1e+09   5.0e+08   1.5e-01
   41   3  12   1.0e+00   9.8e-06   117964.34   1.1e+09   6.4e+08   1.4e-01
   42   4   0   1.0e+00   1.8e-06    99692.87   1.2e+09   3.0e-02   1.1e+00
   43   4   1   1.0e+00   5.9e-06   101970.42   1.2e+09   5.6e-02   5.2e-01
   44   4   2   1.0e+00   9.0e-06   104114.53   1.1e+09   9.0e-01   2.1e-01
   45   4   3   1.0e+00   1.1e-05   106127.63   1.1e+09   9.5e+01   4.6e-02
   46   4   4   1.0e+00   1.3e-05   108011.42   1.1e+09   2.8e+03   1.2e-01
   47   4   5   1.0e+00   1.4e-05   109766.13   1.1e+09   3.8e+04   4.6e-02
   48   4   6   1.0e+00   1.5e-05   111390.55   1.1e+09   1.0e+06   9.0e-02
   49   4   7   1.0e+00   1.5e-05   112881.82   1.1e+09   3.4e+06   7.0e-02
   50   4   8   1.0e+00   1.4e-05   114235.10   1.1e+09   5.6e+07   7.7e-02
   51   4   9   1.0e+00   1.4e-05   115442.71   1.1e+09   8.8e+07   9.7e-02
   52   4  10   1.0e+00   1.3e-05   116492.63   1.1e+09   5.0e+08   8.5e-02
   53   4  11   1.0e+00   1.2e-05   117367.24   1.1e+09   5.8e+08   9.1e-02
   54   4  12   1.0e+00   9.4e-06   118038.53   1.1e+09   6.3e+08   9.8e-02
   55   5   0   1.0e+00   1.8e-06    99988.49   1.2e+09   3.0e-02   1.2e+00
   56   5   1   1.0e+00   5.8e-06   102250.61   1.2e+09   7.5e-02   4.9e-01
   57   5   2   1.0e+00   8.9e-06   104379.64   1.1e+09   8.2e-01   2.8e-01
   58   5   3   1.0e+00   1.1e-05   106377.91   1.1e+09   2.1e+02   6.0e-02
   59   5   4   1.0e+00   1.3e-05   108247.01   1.1e+09   2.7e+03   1.6e-01
   60   5   5   1.0e+00   1.4e-05   109986.96   1.1e+09   9.4e+04   5.4e-02
   61   5   6   1.0e+00   1.4e-05   111596.45   1.1e+09   1.1e+06   1.2e-01
   62   5   7   1.0e+00   1.4e-05   113072.32   1.1e+09   8.1e+06   6.4e-02
   63   5   8   1.0e+00   1.4e-05   114409.49   1.1e+09   6.2e+07   1.0e-01
   64   5   9   1.0e+00   1.4e-05   115599.84   1.1e+09   1.7e+08   8.8e-02
   65   5  10   1.0e+00   1.3e-05   116630.67   1.1e+09   5.0e+08   1.1e-01
   66   5  11   1.0e+00   1.1e-05   117483.30   1.1e+09   8.4e+08   1.0e-01
   67   5  12   1.0e+00   8.9e-06   118127.45   1.1e+09   9.5e+08   1.0e-01
   68   6   0   1.0e+00   1.8e-06   100338.30   1.2e+09   2.8e-02   1.4e+00
   69   6   1   1.0e+00   5.7e-06   102582.10   1.2e+09   8.8e-02   4.9e-01
   70   6   2   1.0e+00   8.8e-06   104693.21   1.1e+09   7.5e-01   3.4e-01
   71   6   3   1.0e+00   1.1e-05   106673.84   1.1e+09   3.3e+02   7.8e-02
   72   6   4   1.0e+00   1.2e-05   108525.44   1.1e+09   2.2e+03   2.2e-01
   73   6   5   1.0e+00   1.3e-05   110247.81   1.1e+09   1.6e+05   6.7e-02
   74   6   6   1.0e+00   1.4e-05   111839.47   1.1e+09   9.3e+05   1.6e-01
   75   6   7   1.0e+00   1.4e-05   113296.95   1.1e+09   1.3e+07   6.8e-02
   76   6   8   1.0e+00   1.4e-05   114614.80   1.1e+09   5.5e+07   1.4e-01
   77   6   9   1.0e+00   1.3e-05   115784.38   1.1e+09   2.3e+08   8.4e-02
   78   6  10   1.0e+00   1.2e-05   116792.14   1.1e+09   4.5e+08   1.4e-01
   79   6  11   1.0e+00   1.1e-05   117617.95   1.1e+09   8.1e+08   1.2e-01
   80   6  12   1.0e+00   9.1e-06   118228.41   1.1e+09   9.4e+08   1.0e-01
   81   7   0   1.0e+00   1.8e-06   100739.81   1.2e+09   2.7e-02   1.5e+00
   82   7   1   1.0e+00   5.6e-06   102962.49   1.1e+09   9.8e-02   5.3e-01
   83   7   2   1.0e+00   8.6e-06   105052.92   1.1e+09   1.5e+00   2.0e-01
   84   7   3   1.0e+00   1.1e-05   107013.19   1.1e+09   5.0e+02   9.8e-02
   85   7   4   1.0e+00   1.2e-05   108844.57   1.1e+09   2.0e+03   2.4e-01
   86   7   5   1.0e+00   1.3e-05   110546.59   1.1e+09   2.5e+05   8.4e-02
   87   7   6   1.0e+00   1.4e-05   112117.57   1.1e+09   7.4e+05   2.2e-01
   88   7   7   1.0e+00   1.4e-05   113553.67   1.1e+09   2.0e+07   7.8e-02
   89   7   8   1.0e+00   1.3e-05   114849.01   1.1e+09   4.6e+07   1.8e-01
   90   7   9   1.0e+00   1.3e-05   115994.25   1.1e+09   3.1e+08   8.7e-02
   91   7  10   1.0e+00   1.2e-05   116974.82   1.1e+09   4.1e+08   1.6e-01
   92   7  11   1.0e+00   1.0e-05   117768.67   1.1e+09   7.6e+08   1.3e-01
   93   7  12   1.0e+00   7.4e-06   118337.88   1.1e+09   9.2e+08   1.1e-01
   94   8   0   1.0e+00   1.7e-06   101190.27   1.2e+09   2.6e-02   1.6e+00
   95   8   1   1.0e+00   5.5e-06   103389.13   1.1e+09   1.2e-01   5.1e-01
   96   8   2   1.0e+00   8.4e-06   105456.24   1.1e+09   1.2e+01   5.6e-02
   97   8   3   1.0e+00   1.0e-05   107393.50   1.1e+09   9.1e+02   9.7e-02
   98   8   4   1.0e+00   1.2e-05   109202.01   1.1e+09   1.0e+04   6.5e-02
   99   8   5   1.0e+00   1.3e-05   110880.97   1.1e+09   5.1e+05   7.9e-02
  100   8   6   1.0e+00   1.3e-05   112428.46   1.1e+09   1.7e+06   1.1e-01
  101   8   7   1.0e+00   1.3e-05   113840.23   1.1e+09   4.3e+07   7.0e-02
  102   8   8   1.0e+00   1.3e-05   115109.84   1.1e+09   7.6e+07   1.2e-01
  103   8   9   1.0e+00   1.2e-05   116227.09   1.1e+09   5.3e+08   7.8e-02
  104   8  10   1.0e+00   1.1e-05   117176.16   1.1e+09   8.4e+08   9.4e-02
  105   8  11   1.0e+00   9.6e-06   117932.45   1.1e+09   9.1e+08   1.2e-01
  106   9   0   1.0e+00   1.7e-06   101686.70   1.2e+09   2.5e-02   1.7e+00
  107   9   1   1.0e+00   5.4e-06   103859.17   1.1e+09   8.2e-02   7.2e-01
  108   9   2   1.0e+00   8.1e-06   105900.39   1.1e+09   3.1e+01   7.4e-02
  109   9   3   1.0e+00   1.0e-05   107812.12   1.1e+09   8.5e+02   1.5e-01
  110   9   4   1.0e+00   1.2e-05   109595.17   1.1e+09   2.6e+04   7.0e-02
  111   9   5   1.0e+00   1.2e-05   111248.44   1.1e+09   5.0e+05   1.2e-01
  112   9   6   1.0e+00   1.3e-05   112769.68   1.1e+09   3.7e+06   8.3e-02
  113   9   7   1.0e+00   1.3e-05   114154.16   1.1e+09   4.1e+07   1.1e-01
  114   9   8   1.0e+00   1.9e-05   115394.80   1.1e+09   1.2e+08   1.0e-01
  115   9   9   1.0e+00   1.2e-05   116480.31   1.1e+09   4.5e+08   1.2e-01
  116   9  10   1.0e+00   1.1e-05   117393.29   1.1e+09   8.4e+08   1.1e-01
  117   9  11   1.0e+00   8.9e-06   118105.68   1.1e+09   9.2e+08   1.3e-01
  118  10   0   1.0e+00   1.7e-06   102225.98   1.2e+09   2.5e-02   1.8e+00
  119  10   1   1.0e+00   5.2e-06   104369.60   1.1e+09   6.7e-02   8.5e-01
  120  10   2   1.0e+00   7.9e-06   106382.49   1.1e+09   6.9e+01   1.0e-01
  121  10   3   1.0e+00   9.8e-06   108266.23   1.1e+09   6.2e+02   2.4e-01
  122  10   4   1.0e+00   1.1e-05   110021.32   1.1e+09   6.0e+04   9.1e-02
  123  10   5   1.0e+00   1.2e-05   111646.34   1.1e+09   4.0e+05   1.9e-01
  124  10   6   1.0e+00   1.2e-05   113138.58   1.1e+09   7.9e+06   8.9e-02
  125  10   7   1.0e+00   1.2e-05   114492.84   1.1e+09   3.4e+07   1.7e-01
  126  10   8   1.0e+00   1.2e-05   115701.18   1.1e+09   2.0e+08   1.0e-01
  127  10   9   1.0e+00   1.1e-05   116751.03   1.1e+09   3.7e+08   1.7e-01
  128  10  10   1.0e+00   1.0e-05   117622.92   1.1e+09   8.1e+08   1.3e-01
  129  10  11   1.0e+00   8.0e-06   118283.98   1.1e+09   9.1e+08   1.3e-01

J/A+AS/141/297/table4

*Data for the B' state (86 rows) (Note)	 

 Full   J   v   rho(B)    rho(C)    rho(B')   rho(D)     E(v,J)       At        Ac        Ek   
                                                          cm-1        s-1       s-1       eV   

    1   0   0   1.7e-05             1.0e+00             110478.52   3.8e+08   7.0e+01   8.3e-01
    2   0   1   3.7e-05             1.0e+00             112358.67   3.2e+08   2.6e+01   8.3e-01
    3   0   2   5.0e-05             1.0e+00             114075.07   2.7e+08   5.9e+01   6.9e-01
    4   0   3   5.7e-05             1.0e+00             115606.65   2.1e+08   6.3e+02   8.6e-01
    5   0   4   5.3e-05             1.0e+00             116906.05   1.6e+08   1.8e+03   1.7e-01
    6   0   5   3.6e-05             1.0e+00             117859.18   1.3e+08   1.0e+05   1.3e-02
    7   0   6   4.3e-06             1.0e+00             118170.22   3.4e+08   1.3e+08   7.7e-03
    8   0   7   7.9e-04             1.0e+00             118272.26   3.9e+08   3.5e+08   4.9e-03
    9   0   8   4.2e-01             5.8e-01             118336.05   6.1e+08   5.9e+08   4.3e-02
   10   0   9   2.9e-02             9.7e-01             118374.81   1.4e+08   1.3e+08   1.5e-02
   11   1   0   4.4e-03   5.9e-04   9.9e-01   8.2e-04   110529.44   3.8e+08   7.3e+04   8.3e-01
   12   1   1   3.7e-05   7.1e-05   1.0e+00   4.3e-03   112404.59   3.2e+08   3.1e+02   5.0e-01
   13   1   2   4.9e-05   5.8e-06   1.0e+00   2.0e-03   114118.24   2.7e+08   8.7e+01   4.0e-01
   14   1   3   5.6e-05   4.0e-06   1.0e+00   3.2e-03   115647.20   2.1e+08   3.6e+02   7.3e-01
   15   1   4   5.2e-05   2.3e-05   9.9e-01   9.2e-03   116937.69   1.6e+08   2.2e+04   1.4e-01
   16   1   5   3.8e-05   3.6e-04   1.0e+00   1.3e-03   117883.78   1.3e+08   2.7e+05   7.8e-02
   17   1   6   5.6e-06   2.7e-04   1.0e+00   1.2e-04   118177.72   3.4e+08   1.3e+08   8.6e-03
   18   1   7   8.2e-04   2.5e-04   1.0e+00   1.2e-04   118278.12   3.9e+08   3.5e+08   5.3e-03
   19   1   8   1.8e-01   3.5e-02   7.8e-01   6.9e-05   118341.70   4.8e+08   4.6e+08   2.0e-02
   20   1   9   2.1e-02   2.2e-04   9.8e-01   2.8e-05   118376.59   1.1e+08   1.0e+08   1.7e-02
   21   2   0   1.7e-05   1.8e-05   1.0e+00   2.4e-03   110630.92   3.8e+08   1.9e+01   9.5e-01
   22   2   1   3.8e-05   9.5e-05   9.9e-01   1.1e-02   112496.40   3.2e+08   3.6e+01   5.7e-01
   23   2   2   4.9e-05   1.5e-05   9.9e-01   5.7e-03   114204.32   2.6e+08   1.4e+02   4.0e-01
   24   2   3   5.5e-05   1.3e-05   9.9e-01   1.0e-02   115728.10   2.1e+08   4.1e+02   2.3e-01
   25   2   4   5.1e-05   1.3e-05   9.8e-01   2.1e-02   117001.53   1.6e+08   2.4e+03   1.6e-01
   26   2   5   4.3e-05   6.2e-04   1.0e+00   4.1e-03   117932.02   1.4e+08   5.7e+05   8.7e-02
   27   2   6   1.9e-05   8.0e-04   1.0e+00   3.2e-04   118192.26   3.5e+08   1.2e+08   1.0e-02
   28   2   7   1.0e-03   5.3e-04   1.0e+00   3.0e-04   118289.36   4.0e+08   3.7e+08   6.0e-03
   29   2   8   5.5e-02   4.7e-03   9.4e-01   1.9e-04   118348.87   3.8e+08   3.6e+08   7.9e-03
   30   3   0   1.7e-05   2.3e-05   1.0e+00   4.6e-03   110782.27   3.8e+08   9.1e+00   9.8e-01
   31   3   1   9.2e-05   2.1e-04   9.8e-01   2.0e-02   112633.98   3.2e+08   2.6e+03   9.4e-01
   32   3   2   4.8e-05   2.3e-05   9.9e-01   1.0e-02   114332.87   2.6e+08   6.8e+01   6.9e-01
   33   3   3   5.5e-05   2.2e-05   9.8e-01   2.4e-02   115849.31   2.1e+08   3.0e+02   2.3e-01
   34   3   4   5.0e-05   2.6e-05   9.7e-01   3.0e-02   117097.94   1.6e+08   5.4e+03   1.7e-01
   35   3   5   6.3e-05   1.0e-03   9.9e-01   9.3e-03   118001.96   1.4e+08   1.5e+06   1.5e-02
   36   3   6   7.0e-05   1.6e-03   1.0e+00   6.7e-04   118213.22   3.7e+08   1.1e+08   5.2e-03
   37   3   7   1.6e-03   8.4e-04   1.0e+00   5.1e-04   118305.10   4.0e+08   3.8e+08   7.2e-03
   38   3   8   3.6e-02   1.4e-03   9.6e-01   3.1e-04   118359.04   3.4e+08   3.3e+08   8.5e-03
   39   4   0   1.7e-05   3.8e-05   9.9e-01   7.3e-03   110982.46   3.7e+08   8.7e+00   9.0e-01
   40   4   1   3.5e-05   4.1e-05   9.7e-01   2.7e-02   112816.85   3.2e+08   1.0e+03   8.8e-01
   41   4   2   4.8e-05   4.0e-05   9.8e-01   1.6e-02   114503.19   2.6e+08   5.5e+01   8.1e-01
   42   4   3   5.4e-05   3.4e-05   9.5e-01   5.2e-02   116011.11   2.1e+08   3.4e+02   2.6e-01
   43   4   4   4.8e-05   4.3e-05   9.7e-01   3.4e-02   117226.27   1.5e+08   2.2e+03   8.7e-02
   44   4   5   4.7e-04   1.8e-03   9.8e-01   2.1e-02   118090.04   1.6e+08   1.2e+07   2.9e-02
   45   4   6   2.2e-04   2.8e-03   1.0e+00   1.7e-03   118240.30   3.8e+08   2.8e+08   9.3e-03
   46   4   7   3.0e-03   1.4e-03   1.0e+00   9.3e-04   118324.32   4.1e+08   3.9e+08   8.7e-03
   47   4   8   2.7e-01   1.8e-03   7.3e-01   3.3e-04   118370.51   4.9e+08   4.8e+08   2.0e-02
   48   5   0   1.7e-05   5.7e-05   9.9e-01   1.0e-02   111230.11   3.7e+08   1.0e+01   8.1e-01
   49   5   1   3.4e-05   6.0e-05   9.7e-01   3.3e-02   113044.04   3.1e+08   5.5e+02   7.4e-01
   50   5   2   4.8e-05   5.8e-05   9.8e-01   2.2e-02   114714.19   2.5e+08   7.4e+01   4.0e-01
   51   5   3   5.2e-05   4.6e-05   8.9e-01   1.1e-01   116215.20   2.2e+08   2.7e+03   2.8e-01
   52   5   4   4.6e-05   6.4e-05   9.6e-01   3.6e-02   117384.81   1.5e+08   8.3e+03   1.1e-01
   53   5   5   2.9e-03   1.1e-02   9.2e-01   6.5e-02   118190.10   2.2e+08   4.6e+07   3.4e-02
   54   5   6   6.2e-04   4.3e-03   9.8e-01   1.1e-02   118275.79   3.8e+08   2.6e+08   1.0e-02
   55   5   7   6.3e-03   2.3e-03   9.9e-01   3.2e-03   118346.56   4.0e+08   3.8e+08   1.0e-02
   56   6   0   1.7e-05   7.9e-05   9.9e-01   1.3e-02   111523.52   3.6e+08   2.5e+01   8.2e-01
   57   6   1   2.2e-02   3.1e-01   6.4e-01   2.5e-02   113314.03   5.5e+08   1.3e+07   7.0e-01
   58   6   2   4.7e-05   8.1e-05   9.7e-01   2.9e-02   114964.49   2.5e+08   6.2e+01   5.2e-01
   59   6   3   4.7e-05   5.2e-05   7.5e-01   2.5e-01   116467.52   2.4e+08   3.5e+02   1.6e-01
   60   6   4   4.8e-05   9.3e-05   9.6e-01   3.5e-02   117570.86   1.4e+08   3.2e+04   2.5e-01
   61   6   5   4.1e-02   1.5e-01   6.2e-01   1.9e-01   118228.93   4.0e+08   2.4e+08   9.4e-02
   62   6   6   4.7e-03   2.4e-02   7.7e-01   2.0e-01   118292.55   4.1e+08   3.0e+08   2.3e-02
   63   6   7   7.7e-03   3.3e-03   7.6e-01   2.3e-01   118345.63   3.8e+08   2.7e+08   1.2e-02
   64   7   0   1.7e-05   1.1e-04   9.8e-01   1.6e-02   111860.68   3.6e+08   5.2e+01   7.9e-01
   65   7   1   4.6e-05   1.2e-04   9.6e-01   4.1e-02   113625.17   3.0e+08   1.2e+02   7.2e-01
   66   7   2   4.6e-05   1.0e-04   9.6e-01   3.6e-02   115252.41   2.4e+08   1.7e+02   3.9e-01
   67   7   3   2.3e-05   7.6e-05   5.1e-01   4.9e-01   116546.71   2.5e+08   6.0e+02   2.6e-01
   68   7   4   3.8e-05   4.5e-05   5.1e-01   4.9e-01   116780.80   2.8e+08   7.0e+03   1.9e-01
   69   7   5   9.7e-05   4.6e-04   9.7e-01   3.4e-02   117780.71   1.4e+08   4.3e+05   1.8e-01
   70   7   6   1.4e-02   8.2e-02   9.0e-01   3.4e-03   118303.95   4.4e+08   3.8e+08   3.4e-02
   71   7   7   6.5e-02   4.7e-02   8.8e-01   1.1e-02   118363.57   4.3e+08   4.0e+08   2.1e-02
   72   8   0   1.7e-05   1.4e-04   9.8e-01   1.9e-02   112239.28   3.5e+08   1.0e+01   8.4e-01
   73   8   1   3.2e-05   1.4e-04   9.6e-01   4.2e-02   113974.93   2.9e+08   8.0e+02   6.3e-01
   74   8   2   4.6e-05   1.3e-04   9.5e-01   4.6e-02   115576.18   2.4e+08   1.6e+02   5.6e-01
   75   8   3   3.2e-05   1.2e-04   7.3e-01   2.7e-01   116869.25   2.1e+08   1.1e+03   1.9e-01
   76   8   4   6.9e-05   2.7e-04   9.7e-01   3.2e-02   118009.26   1.4e+08   9.8e+05   1.3e-01
   77   8   5   1.0e-02   1.8e-02   9.7e-01   3.9e-04   118345.83   4.3e+08   3.9e+08   2.1e-02
   78   9   0   6.5e-05   1.7e-04   9.8e-01   2.1e-02   112656.74   3.4e+08   9.9e+03   9.4e-01
   79   9   1   3.2e-05   1.7e-04   9.6e-01   4.3e-02   114360.78   2.8e+08   2.7e+02   5.6e-01
   80   9   2   4.5e-05   1.6e-04   9.4e-01   6.5e-02   115934.33   2.3e+08   1.3e+02   3.8e-01
   81   9   3   3.6e-05   1.7e-04   8.5e-01   1.5e-01   117199.15   1.8e+08   2.8e+03   7.5e-02
   82   9   4   8.0e-05   4.9e-04   9.7e-01   3.3e-02   118248.62   1.4e+08   2.8e+06   3.8e-02
   83  10   0   1.7e-05   2.1e-04   9.8e-01   2.3e-02   113110.29   3.3e+08   2.3e+02   8.4e-01
   84  10   1   3.2e-05   2.1e-04   9.6e-01   4.3e-02   114779.85   2.7e+08   9.8e+01   5.7e-01
   85  10   2   4.5e-05   1.9e-04   8.9e-01   1.1e-01   116327.18   2.3e+08   6.0e+03   3.6e-01
   86  10   3   5.4e-05   2.3e-04   9.0e-01   9.8e-02   117541.81   1.7e+08   7.3e+04   5.7e-01

J/A+AS/141/297/table5

Data for the D+ state (24 rows)	 

 Full   J   v   rho(B)    rho(C)    rho(B')   rho(D)     E(v,J)       At        Ac        Ek   
                                                          cm-1        s-1       s-1       eV   

    1   1   0   7.7e-07   3.8e-06   4.8e-03   1.0e+00   112935.45   3.6e+08   6.2e-01   1.0e+00
    2   1   1   1.6e-05   1.4e-03   4.5e-03   9.9e-01   115156.30   3.5e+08   1.5e+04   2.3e-01
    3   1   2   9.7e-07   1.1e-05   1.1e-02   9.9e-01   117252.07   3.5e+08   1.9e+02   2.2e-01
    4   2   0   2.2e-06   2.8e-06   1.3e-02   9.9e-01   113060.16   3.5e+08   2.0e+00   1.0e+00
    5   2   1   1.4e-06   9.5e-06   1.4e-02   9.9e-01   115270.53   3.5e+08   2.6e+02   3.0e-01
    6   2   2   2.6e-06   1.0e-05   2.6e-02   9.7e-01   117363.99   3.5e+08   1.2e+02   5.0e-01
    7   3   0   6.8e-06   2.1e-05   2.3e-02   9.8e-01   113244.97   3.5e+08   8.7e+01   9.0e-01
    8   3   1   2.8e-06   1.0e-05   3.1e-02   9.7e-01   115439.47   3.5e+08   3.8e+01   4.8e-01
    9   3   2   3.8e-06   1.1e-05   4.2e-02   9.6e-01   117527.99   3.4e+08   1.3e+04   2.2e-01
   10   4   0   9.4e-06   1.2e-05   3.2e-02   9.7e-01   113487.56   3.5e+08   1.4e+02   9.0e-01
   11   4   1   4.8e-06   1.3e-05   6.2e-02   9.4e-01   115659.86   3.4e+08   9.3e+03   6.9e-01
   12   4   2   5.1e-06   1.3e-05   6.3e-02   9.4e-01   117740.22   3.4e+08   1.5e+03   2.6e-01
   13   5   0   8.6e-06   4.0e-06   4.1e-02   9.6e-01   113785.24   3.5e+08   7.4e+00   3.3e-01
   14   5   1   7.6e-06   2.0e-05   1.2e-01   8.8e-01   115926.15   3.3e+08   1.4e+02   5.0e-01
   15   5   2   7.2e-06   2.8e-05   1.3e-01   8.7e-01   117992.87   3.2e+08   4.7e+04   2.3e-02
   16   6   0   1.2e-05   4.3e-06   5.0e-02   9.5e-01   114135.04   3.5e+08   1.3e+02   9.9e-01
   17   6   1   1.3e-05   3.8e-05   2.6e-01   7.4e-01   116227.81   3.0e+08   1.2e+02   4.3e-01
   18   7   0   1.4e-05   6.4e-06   5.8e-02   9.4e-01   114533.67   3.5e+08   1.1e+01   1.8e-01
   19   8   0   1.6e-05   1.0e-05   6.9e-02   9.3e-01   114977.47   3.4e+08   8.3e+01   7.2e-01
   20   8   1   2.9e-05   3.1e-05   3.0e-01   7.0e-01   117162.36   3.1e+08   1.5e+03   2.9e-01
   21   9   0   1.9e-05   2.5e-05   8.9e-02   9.1e-01   115461.91   3.4e+08   1.1e+04   4.6e-01
   22   9   1   2.4e-05   2.7e-05   1.9e-01   8.1e-01   117600.97   3.2e+08   8.5e+02   9.9e-02
   23  10   0   2.0e-05   3.4e-05   1.4e-01   8.7e-01   115980.28   3.3e+08   2.4e+01   4.5e-01
   24  10   1   2.2e-05   3.6e-05   1.6e-01   8.4e-01   118080.64   3.2e+08   5.2e+04   3.6e-02

J/A+AS/141/297/table6

Data for the D- state (26 rows)	 

 Full   J   v   rho(C)    rho(D)     E(v,J)       At        Ac        Ek   
                                      cm-1        s-1       s-1       eV   

    1   1   0   3.4e-06   1.0e+00   112931.65   3.6e+08   2.1e-01   8.8e-01
    2   1   1   4.1e-04   1.0e+00   115154.64   3.5e+08   2.8e+04   9.6e-01
    3   1   2   1.1e-05   1.0e+00   117248.08   3.5e+08   2.4e+02   1.3e+00
    4   2   0   3.4e-06   1.0e+00   113049.30   3.6e+08   1.7e-01   8.8e-01
    5   2   1   8.6e-06   1.0e+00   115266.10   3.5e+08   8.6e+01   9.3e-01
    6   2   2   1.1e-05   1.0e+00   117353.57   3.5e+08   1.0e+02   1.3e+00
    7   3   0   3.3e-06   1.0e+00   113224.60   3.5e+08   1.4e-01   8.6e-01
    8   3   1   7.5e-06   1.0e+00   115432.19   3.5e+08   1.8e+01   9.0e-01
    9   3   2   1.0e-05   1.0e+00   117510.72   3.5e+08   5.5e+01   1.3e+00
   10   4   0   3.3e-06   1.0e+00   113456.20   3.5e+08   1.0e-01   8.5e-01
   11   4   1   7.3e-06   1.0e+00   115651.59   3.5e+08   8.2e+00   4.4e-01
   12   4   2   1.0e-05   1.0e+00   117718.29   3.5e+08   4.3e+01   1.6e-01
   13   5   0   3.3e-06   1.0e+00   113742.34   3.5e+08   9.6e-02   8.4e-01
   14   5   1   7.1e-06   1.0e+00   115922.61   3.5e+08   5.1e+00   7.5e-01
   15   5   2   1.0e-05   1.0e+00   117974.67   3.5e+08   9.5e+01   1.2e+00
   16   6   0   3.2e-06   1.0e+00   114080.90   3.5e+08   1.0e-01   8.5e-01
   17   6   1   7.0e-06   1.0e+00   116243.23   3.5e+08   2.7e+00   7.2e-01
   18   6   2   1.1e-05   1.0e+00   118277.89   3.5e+08   4.5e+02   1.1e+00
   19   7   0   3.1e-06   1.0e+00   114469.46   3.5e+08   1.6e-01   8.7e-01
   20   7   1   6.9e-06   1.0e+00   116611.11   3.5e+08   1.0e+01   7.1e-01
   21   8   0   3.1e-06   1.0e+00   114905.32   3.5e+08   1.4e+00   8.8e-01
   22   8   1   6.8e-06   1.0e+00   117023.68   3.5e+08   7.9e+01   7.3e-01
   23   9   0   1.8e-04   1.0e+00   115385.58   3.5e+08   1.2e+03   8.7e-01
   24   9   1   6.7e-06   1.0e+00   117478.17   3.5e+08   2.2e+02   7.5e-01
   25  10   0   2.9e-06   1.0e+00   115907.20   3.5e+08   1.6e+00   8.5e-01
   26  10   1   6.3e-06   1.0e+00   117971.65   3.5e+08   2.8e+01   7.4e-01

J/A+AS/141/297/table7

*Effect of using different electronic moment DX (16 rows) (Note)	 


 Full  v"      a          b          c          d          e          f    
              s-1        s-1        s-1        s-1        s-1        s-1   

    1   0   6.20e+07   6.04e+07   6.62e+07   7.04e+07   6.36e+07   6.05e+07
    2   1   2.24e+05   2.23e+05   2.13e+05   2.97e+05   1.34e+05   1.72e+05
    3   2   4.08e+07   4.05e+07   4.19e+07   4.78e+07   4.11e+07   4.06e+07
    4   3   2.59e+05   2.82e+05   3.19e+05   1.48e+05   4.43e+05   3.66e+05
    5   4   4.14e+07   4.04e+07   4.10e+07   5.44e+07   3.98e+07   4.01e+07
    6   5   9.72e+06   9.66e+06   9.55e+06   1.46e+07   9.42e+06   1.02e+07
    7   6   3.50e+07   3.24e+07   3.29e+07   4.16e+07   3.23e+07   3.14e+07
    8   7   9.78e+07   8.96e+07   8.86e+07   1.21e+08   8.77e+07   8.97e+07
    9   8   4.51e+07   3.98e+07   4.01e+07   5.00e+07   3.99e+07   4.06e+07
   10   9   4.24e+06   3.71e+06   3.69e+06   3.05e+06   3.86e+06   3.88e+06
   11  10   2.70e+00   7.62e+02   3.61e+00   2.14e+03   1.55e+02   1.58e+03
   12  11   8.03e+03   9.04e+03   3.72e+03   1.01e+01   6.64e+03   9.48e+03
   13  12   8.74e+02   1.08e+03   7.08e+01   2.70e+03   5.54e+02   1.05e+03
   14  13   5.23e+01   9.77e+01   2.19e+01   2.01e+03   1.65e+01   8.62e+01
   15  14   1.97e+00   8.86e+00   1.91e+01   6.09e+02   5.24e-03   6.95e+00
   16       3.37e+08   3.17e+08   3.25e+08   4.03e+08   3.18e+08   3.17e+08

J/A+AS/141/297/table8

Data for D- obtained with the DX electronic moment of Drira. Comparison with Rothenberg and Davidson (169 rows)	 

 Full   J   v    E(v,J)      At(1)     At(2)     Ac(1)     Ac(2)     Ek(1)     Ek(2) 
                  cm-1        s-1       s-1       s-1       s-1       eV        eV   

    1   1   0   112931.63   3.5e+08   3.5e+08   2.5e+00   2.0e+00   6.8e-01   1.3e+00
    2   1   1   115154.58   3.5e+08   3.4e+08   3.0e+00   3.2e+00   8.5e-01   3.8e-01
    3   1   2   117248.00   3.4e+08   3.2e+08   2.1e+00   1.2e+01   1.2e+00   5.0e-01
    4   1   3   119215.90   3.4e+08   3.2e+08   4.6e+00   2.8e+01   5.3e-01   7.2e-01
    5   1   4   121061.17   3.3e+08   3.1e+08   1.4e+03   1.8e+03   6.7e-02   9.4e-02
    6   1   5   122786.10   3.3e+08   3.1e+08   7.9e+03   1.0e+04   2.0e-01   1.9e-01
    7   1   6   124391.97   3.2e+08   3.0e+08   3.4e+05   2.8e+05   6.3e-02   6.4e-02
    8   1   7   125879.27   3.2e+08   3.0e+08   1.3e+06   1.2e+06   1.7e-01   1.7e-01
    9   1   8   127247.62   3.2e+08   3.0e+08   1.6e+07   1.4e+07   6.8e-02   6.6e-02
   10   1   9   128495.63   3.2e+08   3.0e+08   3.5e+07   3.2e+07   1.6e-01   1.6e-01
   11   1  10   129620.50   3.2e+08   3.0e+08   1.4e+08   1.3e+08   9.4e-02   9.4e-02
   12   1  11   130618.45   3.2e+08   3.0e+08   1.6e+08   1.5e+08   1.7e-01   1.7e-01
   13   1  12   131484.24   3.3e+08   3.0e+08   1.9e+08   1.8e+08   2.0e-01   2.0e-01
   14   1  13   132211.49   3.3e+08   3.1e+08   2.2e+08   2.1e+08   2.0e-01   2.0e-01
   15   1  14   132792.86   3.3e+08   3.1e+08   2.8e+08   2.7e+08   1.6e-01   1.5e-01
   16   1  15   133220.90   3.2e+08   3.2e+08   2.9e+08   2.9e+08   1.3e-01   1.2e-01
   17   1  16   133488.44   3.0e+08   3.2e+08   2.9e+08   3.1e+08   8.1e-02   7.1e-02
   18   1  17   133591.35   3.0e+08   3.2e+08   2.9e+08   3.2e+08   1.9e-02   1.7e-02
   19   1  18   133610.23   2.7e+08   2.7e+08   2.7e+08   2.7e+08   6.9e-03   6.7e-03
   20   2   0   113049.27   3.5e+08   3.5e+08   2.4e+00   2.0e+00   7.0e-01   1.2e+00
   21   2   1   115266.04   3.5e+08   3.3e+08   3.1e+00   3.3e+00   8.5e-01   3.9e-01
   22   2   2   117353.48   3.4e+08   3.2e+08   2.0e+00   1.1e+01   1.2e+00   5.4e-01
   23   2   3   119315.57   3.4e+08   3.2e+08   4.7e+00   2.9e+01   5.1e-01   6.5e-01
   24   2   4   121155.12   3.3e+08   3.1e+08   1.6e+03   2.0e+03   7.2e-02   9.4e-02
   25   2   5   122874.44   3.3e+08   3.1e+08   7.3e+03   9.8e+03   2.2e-01   2.1e-01
   26   2   6   124474.73   3.2e+08   3.0e+08   4.0e+05   3.3e+05   6.6e-02   6.7e-02
   27   2   7   125956.45   3.2e+08   3.0e+08   1.2e+06   1.1e+06   1.9e-01   1.8e-01
   28   2   8   127319.17   3.2e+08   3.0e+08   1.8e+07   1.6e+07   6.9e-02   6.8e-02
   29   2   9   128561.44   3.2e+08   3.0e+08   3.4e+07   3.0e+07   1.7e-01   1.7e-01
   30   2  10   129680.38   3.2e+08   3.0e+08   1.5e+08   1.4e+08   9.6e-02   9.5e-02
   31   2  11   130672.14   3.2e+08   3.0e+08   1.6e+08   1.5e+08   1.8e-01   1.7e-01
   32   2  12   131531.40   3.3e+08   3.0e+08   1.9e+08   1.8e+08   2.1e-01   2.1e-01
   33   2  13   132251.66   3.3e+08   3.1e+08   2.2e+08   2.0e+08   2.1e-01   2.1e-01
   34   2  14   132825.47   3.3e+08   3.1e+08   2.8e+08   2.6e+08   1.6e-01   1.6e-01
   35   2  15   133245.24   3.2e+08   3.2e+08   2.9e+08   2.8e+08   1.3e-01   1.2e-01
   36   2  16   133503.42   3.0e+08   3.2e+08   2.9e+08   3.1e+08   7.8e-02   6.8e-02
   37   2  17   133596.50   3.1e+08   3.3e+08   3.1e+08   3.3e+08   1.6e-02   1.5e-02
   38   3   0   113224.58   3.5e+08   3.5e+08   2.4e+00   2.1e+00   7.4e-01   1.2e+00
   39   3   1   115432.13   3.5e+08   3.3e+08   3.2e+00   3.5e+00   8.5e-01   4.0e-01
   40   3   2   117510.64   3.4e+08   3.2e+08   2.1e+00   9.2e+00   1.2e+00   5.9e-01
   41   3   3   119464.03   3.4e+08   3.2e+08   6.4e+00   3.5e+01   3.8e-01   5.0e-01
   42   3   4   121295.07   3.3e+08   3.1e+08   2.0e+03   2.6e+03   7.8e-02   9.6e-02
   43   3   5   123005.99   3.3e+08   3.0e+08   7.0e+03   8.9e+03   2.3e-01   2.4e-01
   44   3   6   124597.95   3.2e+08   3.0e+08   5.0e+05   4.1e+05   7.2e-02   7.1e-02
   45   3   7   126071.32   3.2e+08   3.0e+08   1.2e+06   1.0e+06   2.1e-01   2.0e-01
   46   3   8   127425.61   3.2e+08   3.0e+08   2.2e+07   1.9e+07   7.3e-02   7.2e-02
   47   3   9   128659.29   3.2e+08   3.0e+08   3.3e+07   3.0e+07   1.8e-01   1.8e-01
   48   3  10   129769.35   3.2e+08   3.0e+08   1.6e+08   1.5e+08   1.0e-01   9.9e-02
   49   3  11   130751.85   3.2e+08   3.0e+08   1.7e+08   1.6e+08   1.7e-01   1.7e-01
   50   3  12   131601.29   3.3e+08   3.1e+08   1.9e+08   1.8e+08   2.1e-01   2.1e-01
   51   3  13   132311.05   3.3e+08   3.1e+08   2.1e+08   1.9e+08   2.2e-01   2.2e-01
   52   3  14   132873.49   3.3e+08   3.1e+08   2.7e+08   2.6e+08   1.7e-01   1.6e-01
   53   3  15   133280.79   3.2e+08   3.2e+08   2.8e+08   2.8e+08   1.3e-01   1.2e-01
   54   3  16   133524.67   3.0e+08   3.2e+08   2.8e+08   3.1e+08   7.4e-02   6.4e-02
   55   3  17   133603.27   3.2e+08   3.3e+08   3.1e+08   3.3e+08   1.3e-02   1.2e-02
   56   4   0   113456.18   3.5e+08   3.5e+08   2.2e+00   2.2e+00   8.1e-01   1.1e+00
   57   4   1   115651.54   3.5e+08   3.3e+08   3.2e+00   3.6e+00   8.8e-01   4.4e-01
   58   4   2   117718.22   3.4e+08   3.2e+08   2.1e+00   7.4e+00   1.1e+00   6.7e-01
   59   4   3   119660.09   3.4e+08   3.2e+08   1.5e+01   5.6e+01   1.8e-01   3.0e-01
   60   4   4   121479.85   3.3e+08   3.1e+08   2.7e+03   3.3e+03   8.6e-02   1.0e-01
   61   4   5   123179.63   3.3e+08   3.0e+08   9.1e+03   9.3e+03   1.8e-01   2.3e-01
   62   4   6   124760.54   3.2e+08   3.0e+08   6.4e+05   5.4e+05   7.9e-02   7.7e-02
   63   4   7   126222.83   3.2e+08   3.0e+08   1.3e+06   1.1e+06   1.9e-01   1.9e-01
   64   4   8   127565.94   3.2e+08   3.0e+08   2.6e+07   2.4e+07   7.9e-02   7.8e-02
   65   4   9   128788.19   3.2e+08   3.0e+08   3.6e+07   3.3e+07   1.7e-01   1.7e-01
   66   4  10   129886.44   3.2e+08   3.0e+08   1.7e+08   1.6e+08   1.1e-01   1.1e-01
   67   4  11   130856.59   3.2e+08   3.0e+08   1.9e+08   1.8e+08   1.7e-01   1.7e-01
   68   4  12   131692.94   3.3e+08   3.1e+08   2.0e+08   1.8e+08   2.1e-01   2.1e-01
   69   4  13   132388.65   3.3e+08   3.1e+08   2.0e+08   1.9e+08   2.3e-01   2.2e-01
   70   4  14   132935.85   3.3e+08   3.1e+08   2.5e+08   2.4e+08   1.8e-01   1.7e-01
   71   4  15   133326.36   3.2e+08   3.2e+08   2.6e+08   2.6e+08   1.4e-01   1.3e-01
   72   4  16   133550.62   2.9e+08   3.2e+08   2.7e+08   3.0e+08   6.9e-02   5.9e-02
   73   4  17   133610.53   3.2e+08   3.3e+08   3.2e+08   3.3e+08   8.7e-03   8.3e-03
   74   5   0   113742.33   3.5e+08   3.4e+08   2.0e+00   2.4e+00   9.2e-01   1.1e+00
   75   5   1   115922.57   3.4e+08   3.3e+08   3.2e+00   3.8e+00   9.2e-01   4.7e-01
   76   5   2   117974.60   3.4e+08   3.2e+08   2.4e+00   5.8e+00   1.0e+00   7.5e-01
   77   5   3   119902.19   3.4e+08   3.1e+08   5.1e+01   1.3e+02   7.5e-02   1.4e-01
   78   5   4   121707.96   3.3e+08   3.1e+08   3.6e+03   4.6e+03   9.3e-02   1.0e-01
   79   5   5   123393.92   3.3e+08   3.0e+08   2.4e+04   1.8e+04   8.5e-02   1.3e-01
   80   5   6   124961.10   3.2e+08   3.0e+08   8.6e+05   7.4e+05   8.5e-02   8.2e-02
   81   5   7   126409.63   3.2e+08   3.0e+08   2.4e+06   2.1e+06   1.1e-01   1.1e-01
   82   5   8   127738.82   3.2e+08   3.0e+08   3.2e+07   2.9e+07   8.6e-02   8.5e-02
   83   5   9   128946.84   3.2e+08   3.0e+08   5.9e+07   5.4e+07   1.2e-01   1.2e-01
   84   5  10   130030.36   3.2e+08   3.0e+08   1.7e+08   1.6e+08   1.2e-01   1.2e-01
   85   5  11   130985.07   3.2e+08   3.1e+08   2.3e+08   2.1e+08   1.5e-01   1.5e-01
   86   5  12   131805.04   3.3e+08   3.2e+08   2.5e+08   2.3e+08   1.7e-01   1.7e-01
   87   5  13   132483.12   3.3e+08   3.4e+08   2.9e+08   2.7e+08   1.6e-01   1.6e-01
   88   5  14   133011.14   3.3e+08   3.4e+08   3.0e+08   2.8e+08   1.5e-01   1.5e-01
   89   5  15   133380.36   3.2e+08   3.7e+08   3.0e+08   3.0e+08   1.2e-01   1.1e-01
   90   5  16   133578.90   2.9e+08   4.1e+08   2.8e+08   3.2e+08   5.4e-02   4.7e-02
   91   6   0   114080.90   3.5e+08   3.4e+08   1.7e+00   2.4e+00   1.1e+00   1.0e+00
   92   6   1   116243.19   3.4e+08   3.3e+08   3.1e+00   3.5e+00   9.7e-01   5.5e-01
   93   6   2   118277.83   3.4e+08   3.2e+08   2.4e+00   4.9e+00   9.9e-01   7.5e-01
   94   6   3   120188.46   3.3e+08   3.1e+08   1.1e+02   2.2e+02   7.0e-02   1.1e-01
   95   6   4   121977.59   3.3e+08   3.1e+08   3.7e+03   4.8e+03   1.2e-01   1.3e-01
   96   6   5   123647.12   3.3e+08   3.0e+08   4.9e+04   3.7e+04   7.0e-02   9.0e-02
   97   6   6   125197.96   3.2e+08   3.0e+08   8.6e+05   7.6e+05   1.1e-01   1.1e-01
   98   6   7   126630.08   3.2e+08   3.0e+08   4.2e+06   3.6e+06   8.7e-02   8.7e-02
   99   6   8   127942.67   3.2e+08   3.0e+08   3.1e+07   2.8e+07   1.2e-01   1.1e-01
  100   6   9   129133.66   3.2e+08   3.0e+08   7.8e+07   7.1e+07   1.1e-01   1.1e-01
  101   6  10   130199.55   3.2e+08   3.0e+08   1.6e+08   1.4e+08   1.5e-01   1.5e-01
  102   6  11   131135.75   3.2e+08   3.0e+08   2.2e+08   2.1e+08   1.7e-01   1.7e-01
  103   6  12   131936.02   3.3e+08   3.1e+08   2.4e+08   2.3e+08   1.9e-01   1.9e-01
  104   6  13   132592.83   3.3e+08   3.1e+08   2.9e+08   2.7e+08   1.7e-01   1.6e-01
  105   6  14   133097.58   3.3e+08   3.2e+08   3.0e+08   2.8e+08   1.5e-01   1.5e-01
  106   6  15   133440.71   3.1e+08   3.2e+08   3.0e+08   3.0e+08   1.1e-01   1.0e-01
  107   6  16   133605.90   2.9e+08   3.3e+08   2.9e+08   3.2e+08   3.6e-02   3.2e-02
  108   7   0   114469.46   3.5e+08   3.4e+08   1.7e+00   2.4e+00   1.1e+00   1.0e+00
  109   7   1   116611.08   3.4e+08   3.3e+08   3.0e+00   3.0e+00   1.0e+00   6.7e-01
  110   7   2   118625.67   3.4e+08   3.2e+08   2.3e+00   6.1e+00   1.0e+00   5.5e-01
  111   7   3   120516.74   3.3e+08   3.1e+08   2.4e+02   4.0e+02   7.8e-02   1.1e-01
  112   7   4   122286.68   3.3e+08   3.1e+08   3.3e+03   4.5e+03   1.7e-01   1.7e-01
  113   7   5   123937.22   3.2e+08   3.0e+08   1.0e+05   8.0e+04   7.4e-02   8.0e-02
  114   7   6   125469.16   3.2e+08   3.0e+08   7.7e+05   7.0e+05   1.6e-01   1.5e-01
  115   7   7   126882.30   3.2e+08   3.0e+08   7.5e+06   6.6e+06   8.1e-02   8.0e-02
  116   7   8   128175.63   3.2e+08   3.0e+08   2.7e+07   2.4e+07   1.6e-01   1.6e-01
  117   7   9   129346.86   3.2e+08   3.0e+08   1.1e+08   9.8e+07   1.0e-01   1.0e-01
  118   7  10   130392.22   3.2e+08   3.0e+08   1.5e+08   1.4e+08   1.8e-01   1.8e-01
  119   7  11   131306.81   3.3e+08   3.0e+08   2.1e+08   1.9e+08   1.9e-01   1.9e-01
  120   7  12   132084.01   3.3e+08   3.1e+08   2.3e+08   2.1e+08   2.1e-01   2.0e-01
  121   7  13   132715.82   3.3e+08   3.1e+08   2.9e+08   2.7e+08   1.7e-01   1.7e-01
  122   7  14   133193.05   3.3e+08   3.2e+08   2.9e+08   2.8e+08   1.5e-01   1.5e-01
  123   7  15   133504.78   3.1e+08   3.2e+08   2.9e+08   3.1e+08   1.0e-01   9.5e-02
  124   8   0   114905.32   3.5e+08   3.4e+08   2.2e+00   2.4e+00   9.3e-01   1.0e+00
  125   8   1   117023.66   3.4e+08   3.3e+08   3.2e+00   2.5e+00   1.0e+00   8.0e-01
  126   8   2   119015.66   3.4e+08   3.2e+08   3.2e+00   1.4e+01   7.4e-01   2.6e-01
  127   8   3   120884.66   3.3e+08   3.1e+08   8.4e+02   1.1e+03   5.8e-02   7.9e-02
  128   8   4   122632.94   3.3e+08   3.1e+08   2.6e+03   3.6e+03   2.3e-01   2.4e-01
  129   8   5   124262.02   3.2e+08   3.0e+08   3.4e+05   3.1e+05   5.4e-02   5.2e-02
  130   8   6   125772.58   3.2e+08   3.0e+08   6.6e+05   6.0e+05   2.0e-01   1.9e-01
  131   8   7   127164.21   3.2e+08   3.1e+08   2.2e+07   2.1e+07   5.6e-02   5.3e-02
  132   8   8   128435.69   3.2e+08   3.1e+08   3.0e+07   2.8e+07   1.5e-01   1.5e-01
  133   8   9   129584.41   3.3e+08   3.5e+08   2.0e+08   1.8e+08   8.1e-02   7.9e-02
  134   8  10   130606.37   3.5e+08   4.0e+08   2.6e+08   2.5e+08   1.2e-01   1.1e-01
  135   8  11   131496.21   3.4e+08   3.8e+08   2.7e+08   2.5e+08   1.6e-01   1.6e-01
  136   8  12   132246.91   3.5e+08   4.0e+08   3.0e+08   2.8e+08   1.7e-01   1.6e-01
  137   8  13   132849.86   3.4e+08   3.4e+08   3.0e+08   2.8e+08   1.7e-01   1.7e-01
  138   8  14   133295.03   3.3e+08   3.4e+08   3.1e+08   3.0e+08   1.4e-01   1.4e-01
  139   8  15   133568.97   3.0e+08   3.3e+08   2.9e+08   3.1e+08   9.1e-02   8.2e-02
  140   9   0   115385.60   3.5e+08   3.4e+08   2.9e+00   2.1e+00   7.8e-01   1.1e+00
  141   9   1   117478.16   3.4e+08   3.2e+08   3.3e+00   2.7e+00   9.9e-01   7.5e-01
  142   9   2   119445.13   3.4e+08   3.2e+08   6.0e+00   3.4e+01   3.9e-01   1.6e-01
  143   9   3   121289.66   3.3e+08   3.1e+08   9.8e+02   1.3e+03   1.0e-01   1.2e-01
  144   9   4   123013.90   3.3e+08   3.0e+08   6.0e+03   5.0e+03   1.2e-01   1.9e-01
  145   9   5   124619.14   3.2e+08   3.0e+08   3.9e+05   3.4e+05   9.4e-02   9.1e-02
  146   9   6   126105.89   3.2e+08   3.0e+08   1.1e+06   9.1e+05   1.4e-01   1.5e-01
  147   9   7   127473.54   3.2e+08   3.0e+08   2.2e+07   2.0e+07   9.5e-02   9.4e-02
  148   9   8   128720.61   3.2e+08   3.0e+08   4.1e+07   3.7e+07   1.4e-01   1.3e-01
  149   9   9   129844.12   3.2e+08   3.0e+08   1.6e+08   1.5e+08   1.3e-01   1.2e-01
  150   9  10   130839.77   3.2e+08   3.0e+08   2.4e+08   2.2e+08   1.5e-01   1.5e-01
  151   9  11   131701.72   3.3e+08   3.0e+08   2.5e+08   2.3e+08   1.9e-01   1.9e-01
  152   9  12   132422.38   3.3e+08   3.1e+08   2.8e+08   2.6e+08   1.8e-01   1.8e-01
  153   9  13   132992.40   3.3e+08   3.1e+08   3.0e+08   2.8e+08   1.7e-01   1.7e-01
  154   9  14   133400.50   3.2e+08   3.2e+08   3.0e+08   3.0e+08   1.4e-01   1.3e-01
  155  10   0   115907.22   3.4e+08   3.4e+08   3.0e+00   1.7e+00   8.3e-01   1.1e+00
  156  10   1   117971.64   3.4e+08   3.2e+08   3.4e+00   4.1e+00   1.0e+00   5.4e-01
  157  10   2   119911.28   3.3e+08   3.1e+08   2.2e+01   6.9e+01   1.6e-01   1.5e-01
  158  10   3   121729.04   3.3e+08   3.1e+08   1.1e+03   1.4e+03   1.5e-01   1.6e-01
  159  10   4   123426.95   3.2e+08   3.0e+08   1.9e+04   1.5e+04   9.0e-02   1.1e-01
  160  10   5   125006.05   3.2e+08   3.0e+08   4.1e+05   3.7e+05   1.4e-01   1.4e-01
  161  10   6   126466.65   3.2e+08   3.0e+08   2.6e+06   2.2e+06   1.0e-01   1.0e-01
  162  10   7   127807.91   3.2e+08   3.0e+08   2.0e+07   1.8e+07   1.4e-01   1.4e-01
  163  10   8   129028.04   3.2e+08   3.0e+08   6.7e+07   6.1e+07   1.2e-01   1.2e-01
  164  10   9   130123.64   3.2e+08   3.0e+08   1.4e+08   1.3e+08   1.7e-01   1.7e-01
  165  10  10   131090.08   3.2e+08   3.0e+08   2.3e+08   2.1e+08   1.7e-01   1.7e-01
  166  10  11   131920.88   3.3e+08   3.0e+08   2.4e+08   2.2e+08   2.1e-01   2.1e-01
  167  10  12   132607.80   3.3e+08   3.1e+08   2.9e+08   2.7e+08   1.9e-01   1.9e-01
  168  10  13   133140.52   3.3e+08   3.1e+08   3.0e+08   2.8e+08   1.8e-01   1.7e-01
  169  10  14   133505.77   3.2e+08   3.2e+08   3.0e+08   3.0e+08   1.3e-01   1.2e-01

