#  
#   VizieR Astronomical Server vizier.u-strasbg.fr
#    Date: 2019-10-22T14:16:40 [V1.99+ (14-Oct-2013)]
#   In case of problem, please report to: cds-question@unistra.fr
# 
#   
#Coosys J2000: eq_FK5 J2000 
#INFO votable-version=1.99+ (14-Oct-2013) 
#INFO -ref=VIZ5daf0ee1bab9 
#INFO -out.max=unlimited 
#INFO queryParameters=11 
#-oc.form=sexa
#-out.max=unlimited
#-nav=cat:J/A+AS/141/297&tab:{J/A+AS/141/297/table1}&key:source=J/A+AS/141/297/table1&HTTPPRM:&
#-source=J/A+AS/141/297/table1
#-order=I
#-out=J
#-out=v
#-out=E(v,J)
#-out=At
#-out=Ac
#-out=Ek
#
#
#RESOURCE=yCat_41410297
#Name: J/A+AS/141/297
#Title: H_2_ total transition probability (Abgrall+, 2000)
#Table J_A_AS_141_297_table1:
#Name: J/A+AS/141/297/table1
#Title: *Data for the B state
#---Details of Columns:
#   J             (I2)    Rotational quantum number [ucd=]
#   v             (I2)    Vibrational quantum number [ucd=]
#   E(v,J) (cm-1) (F10.2) Term value of the state B,v,J [ucd=]
#   At (s-1)      (E8.1)  Total emission probability towards X [ucd=]
#   Ac (s-1)      (E8.1)  Total dissociation probability towards X [ucd=]
#   Ek (eV)       (E8.1)  Mean kinetic energy released in the dissociation [ucd=]
#-- -- ---------- -------- -------- --------
#      E(v                                  
#J  v  ,J) (cm-1) At (s-1) Ac (s-1) Ek (eV) 
#-- -- ---------- -------- -------- --------
 0  0   90203.53  1.9e+09  7.3e+00  6.0e-02
 0  1   91521.99  1.7e+09  1.2e+02  1.9e-01
 0  2   92803.49  1.6e+09  2.1e+04  8.0e-02
 0  3   94050.23  1.5e+09  2.1e+05  6.4e-02
 0  4   95263.25  1.4e+09  1.9e+06  1.4e-01
 0  5   96443.26  1.4e+09  2.4e+07  6.5e-02
 0  6   97590.77  1.3e+09  4.1e+07  1.7e-01
 0  7   98706.23  1.2e+09  2.6e+08  1.1e-01
 0  8   99790.13  1.2e+09  3.6e+08  1.6e-01
 0  9  100842.91  1.1e+09  4.6e+08  2.2e-01
 0 10  101865.08  1.1e+09  4.4e+08  3.2e-01
 0 11  102857.14  1.0e+09  4.2e+08  4.2e-01
 0 12  103819.59  9.8e+08  5.1e+08  4.1e-01
 0 13  104752.97  9.4e+08  4.8e+08  5.0e-01
 0 14  105657.80  9.0e+08  4.9e+08  5.6e-01
 0 15  106534.61  8.7e+08  4.9e+08  6.1e-01
 0 16  107383.89  8.4e+08  4.6e+08  6.8e-01
 0 17  108206.16  8.0e+08  4.9e+08  6.9e-01
 0 18  109001.87  7.8e+08  4.7e+08  7.5e-01
 0 19  109771.48  7.5e+08  4.8e+08  7.8e-01
 0 20  110515.40  7.2e+08  4.6e+08  8.3e-01
 0 21  111233.97  7.0e+08  4.5e+08  8.8e-01
 0 22  111927.48  6.8e+08  4.4e+08  9.1e-01
 0 23  112596.13  6.6e+08  4.4e+08  9.4e-01
 0 24  113240.01  6.4e+08  4.4e+08  9.5e-01
 0 25  113859.04  6.3e+08  4.4e+08  9.6e-01
 0 26  114452.93  6.2e+08  4.4e+08  9.6e-01
 0 27  115021.05  6.1e+08  4.4e+08  9.5e-01
 0 28  115562.40  6.0e+08  4.5e+08  9.2e-01
 0 29  116075.40  6.0e+08  4.7e+08  8.8e-01
 0 30  116557.47  6.1e+08  4.9e+08  8.2e-01
 0 31  117004.60  6.2e+08  5.1e+08  7.5e-01
 0 32  117410.71  6.4e+08  5.4e+08  6.6e-01
 0 33  117766.32  6.7e+08  5.8e+08  5.4e-01
 0 34  118055.36  7.2e+08  6.6e+08  3.8e-01
 0 35  118253.10  8.0e+08  7.6e+08  1.9e-01
 0 36  118338.89  6.8e+08  6.7e+08  3.4e-02
 0 37  118363.60  9.8e+08  9.7e+08  2.1e-02
 1  0   90242.39  1.9e+09  8.0e+00  6.7e-02
 1  1   91558.91  1.7e+09  1.3e+02  1.7e-01
 1  2   92838.78  1.6e+09  2.2e+04  8.4e-02
 1  3   94084.08  1.5e+09  2.4e+05  6.2e-02
 1  4   95295.79  1.4e+09  1.8e+06  1.4e-01
 1  5   96474.57  1.4e+09  2.6e+07  6.8e-02
 1  6   97620.93  1.3e+09  4.3e+07  1.6e-01
 1  7   98735.22  1.2e+09  2.5e+08  1.1e-01
 1  8   99818.24  1.2e+09  3.7e+08  1.5e-01
 1  9  100869.88  1.1e+09  4.6e+08  2.2e-01
 1 10  101891.47  1.1e+09  4.4e+08  3.3e-01
 1 11  102882.33  1.0e+09  4.2e+08  4.2e-01
 1 12  103844.71  9.8e+08  5.1e+08  4.1e-01
 1 13  104776.56  9.4e+08  4.8e+08  5.1e-01
 1 14  105689.42  9.7e+08  3.4e+08  5.6e-01
 1 15  106556.76  8.7e+08  4.8e+08  6.1e-01
 1 16  107404.26  8.4e+08  4.6e+08  6.9e-01
 1 17  108226.99  8.0e+08  4.9e+08  6.9e-01
 1 18  109021.38  7.8e+08  4.7e+08  7.5e-01
 1 19  109791.15  7.5e+08  4.8e+08  7.8e-01
 1 20  110533.80  7.2e+08  4.6e+08  8.4e-01
 1 21  111252.70  7.0e+08  4.5e+08  8.8e-01
 1 22  111944.75  6.8e+08  4.4e+08  9.2e-01
 1 23  112614.94  6.7e+08  4.3e+08  9.5e-01
 1 24  113256.15  6.4e+08  4.4e+08  9.5e-01
 1 25  113871.06  6.6e+08  4.1e+08  9.6e-01
 1 26  114467.92  6.2e+08  4.4e+08  9.6e-01
 1 27  115034.24  6.1e+08  4.4e+08  9.4e-01
 1 28  115576.16  6.0e+08  4.5e+08  9.2e-01
 1 29  116087.63  6.1e+08  4.7e+08  8.8e-01
 1 30  116569.77  6.1e+08  4.9e+08  8.2e-01
 1 31  117015.29  6.3e+08  5.1e+08  7.5e-01
 1 32  117421.04  6.4e+08  5.4e+08  6.6e-01
 1 33  117774.69  6.7e+08  5.9e+08  5.3e-01
 1 34  118062.46  7.2e+08  6.6e+08  3.8e-01
 1 35  118257.40  8.0e+08  7.6e+08  1.9e-01
 1 36  118338.48  8.2e+08  8.0e+08  5.0e-02
 1 37  118364.71  1.0e+09  1.0e+09  2.1e-02
 2  0   90319.71  1.9e+09  9.6e+00  6.8e-02
 2  1   91632.40  1.7e+09  1.9e+02  1.3e-01
 2  2   92909.01  1.6e+09  2.2e+04  9.3e-02
 2  3   94151.43  1.5e+09  3.0e+05  6.2e-02
 2  4   95360.52  1.4e+09  1.8e+06  1.6e-01
 2  5   96536.87  1.4e+09  2.8e+07  7.3e-02
 2  6   97680.92  1.3e+09  5.1e+07  1.4e-01
 2  7   98792.92  1.2e+09  2.5e+08  1.2e-01
 2  8   99874.18  1.2e+09  3.9e+08  1.5e-01
 2  9  100923.56  1.1e+09  4.6e+08  2.3e-01
 2 10  101944.02  1.1e+09  4.4e+08  3.3e-01
 2 11  102932.44  1.0e+09  4.2e+08  4.3e-01
 2 12  103895.29  9.8e+08  5.0e+08  4.2e-01
 2 13  104823.48  9.4e+08  4.8e+08  5.1e-01
 2 14  105717.54  9.3e+08  4.2e+08  5.7e-01
 2 15  106600.76  8.7e+08  4.8e+08  6.2e-01
 2 16  107445.51  8.4e+08  4.6e+08  6.9e-01
 2 17  108268.38  8.0e+08  4.9e+08  6.9e-01
 2 18  109060.32  7.8e+08  4.7e+08  7.6e-01
 2 19  109830.27  7.5e+08  4.7e+08  7.9e-01
 2 20  110570.39  7.2e+08  4.6e+08  8.4e-01
 2 21  111290.31  7.1e+08  4.4e+08  8.9e-01
 2 22  111979.04  6.8e+08  4.4e+08  9.2e-01
 2 23  112657.29  7.5e+08  3.5e+08  9.5e-01
 2 24  113288.16  6.4e+08  4.4e+08  9.5e-01
 2 25  113900.31  6.5e+08  4.2e+08  9.6e-01
 2 26  114497.64  6.2e+08  4.4e+08  9.5e-01
 2 27  115061.21  6.1e+08  4.4e+08  9.4e-01
 2 28  115603.43  6.0e+08  4.5e+08  9.2e-01
 2 29  116112.23  6.1e+08  4.7e+08  8.7e-01
 2 30  116594.14  6.2e+08  4.9e+08  8.2e-01
 2 31  117036.73  6.3e+08  5.1e+08  7.4e-01
 2 32  117441.46  6.5e+08  5.4e+08  6.5e-01
 2 33  117791.48  6.8e+08  5.9e+08  5.2e-01
 2 34  118076.42  7.3e+08  6.6e+08  3.7e-01
 2 35  118265.77  8.2e+08  7.8e+08  1.8e-01
 2 36  118342.26  9.4e+08  9.3e+08  4.5e-02
 2 37  118366.06  1.0e+09  1.0e+09  2.2e-02
 3  0   90434.77  1.8e+09  1.2e+01  6.3e-02
 3  1   91741.83  1.7e+09  3.4e+02  6.1e-02
 3  2   93013.66  1.6e+09  2.2e+04  1.0e-01
 3  3   94251.82  1.5e+09  4.3e+05  4.9e-02
 3  4   95457.03  1.4e+09  1.8e+06  1.3e-01
 3  5   96629.78  1.4e+09  3.0e+07  7.5e-02
 3  6   97770.42  1.3e+09  6.7e+07  8.7e-02
 3  7   98879.11  1.2e+09  2.4e+08  1.3e-01
 3  8   99957.72  1.2e+09  4.3e+08  1.4e-01
 3  9  101003.79  1.1e+09  4.6e+08  2.3e-01
 3 10  102022.87  1.1e+09  4.4e+08  3.3e-01
 3 11  103007.37  1.0e+09  4.4e+08  3.8e-01
 3 12  103976.50  1.0e+09  4.3e+08  4.2e-01
 3 13  104893.63  9.4e+08  4.7e+08  5.0e-01
 3 14  105787.43  9.1e+08  4.5e+08  5.6e-01
 3 15  106666.63  8.6e+08  4.8e+08  6.2e-01
 3 16  107508.08  8.3e+08  4.5e+08  6.7e-01
 3 17  108330.44  8.0e+08  4.8e+08  7.0e-01
 3 18  109118.93  7.7e+08  4.6e+08  7.5e-01
 3 19  109889.30  7.5e+08  4.6e+08  7.9e-01
 3 20  110625.32  7.2e+08  4.6e+08  8.5e-01
 3 21  111349.22  7.3e+08  4.2e+08  8.9e-01
 3 22  112030.45  6.8e+08  4.4e+08  9.2e-01
 3 23  112678.55  7.5e+08  3.3e+08  9.5e-01
 3 24  113336.17  6.4e+08  4.4e+08  9.5e-01
 3 25  113945.75  6.4e+08  4.2e+08  9.6e-01
 3 26  114542.24  6.2e+08  4.4e+08  9.5e-01
 3 27  115102.51  6.1e+08  4.4e+08  9.4e-01
 3 28  115644.41  6.1e+08  4.5e+08  9.2e-01
 3 29  116149.58  6.1e+08  4.6e+08  8.7e-01
 3 30  116630.80  6.2e+08  4.9e+08  8.1e-01
 3 31  117069.20  6.3e+08  5.1e+08  7.4e-01
 3 32  117472.12  6.5e+08  5.5e+08  6.4e-01
 3 33  117816.81  6.8e+08  5.9e+08  5.2e-01
 3 34  118097.18  7.4e+08  6.7e+08  3.5e-01
 3 35  118277.89  8.3e+08  8.0e+08  1.7e-01
 3 36  118347.21  1.0e+09  9.9e+08  3.9e-02
 3 37  118369.30  1.1e+09  1.1e+09  1.8e-02
 4  0   90586.50  1.8e+09  1.6e+01  7.9e-02
 4  1   91886.28  1.7e+09  8.3e+02  6.0e-02
 4  2   93151.89  1.6e+09  2.1e+04  1.2e-01
 4  3   94384.50  1.5e+09  6.5e+05  6.3e-02
 4  4   95584.64  1.4e+09  2.7e+06  1.1e-01
 4  5   96752.66  1.4e+09  3.1e+07  9.4e-02
 4  6   97888.84  1.3e+09  1.1e+08  8.9e-02
 4  7   98993.27  1.2e+09  2.3e+08  1.5e-01
 4  8  100068.50  1.2e+09  4.6e+08  1.5e-01
 4  9  101110.17  1.1e+09  4.8e+08  2.4e-01
 4 10  102129.42  1.1e+09  4.3e+08  3.4e-01
 4 11  103106.77  1.0e+09  4.8e+08  3.8e-01
 4 12  104046.22  9.9e+08  4.3e+08  4.3e-01
 4 13  104986.78  9.3e+08  4.9e+08  5.1e-01
 4 14  105878.20  9.0e+08  4.8e+08  5.7e-01
 4 15  106754.20  8.6e+08  4.8e+08  6.3e-01
 4 16  107591.71  8.3e+08  4.7e+08  6.8e-01
 4 17  108413.33  8.0e+08  4.8e+08  7.1e-01
 4 18  109197.09  7.7e+08  4.7e+08  7.6e-01
 4 19  109969.78  7.6e+08  4.5e+08  8.0e-01
 4 20  110698.49  7.2e+08  4.6e+08  8.5e-01
 4 21  111446.48  8.7e+08  2.5e+08  9.0e-01
 4 22  112098.93  6.8e+08  4.4e+08  9.2e-01
 4 23  112750.87  6.8e+08  4.1e+08  9.5e-01
 4 24  113400.18  6.4e+08  4.4e+08  9.5e-01
 4 25  114006.62  6.4e+08  4.3e+08  9.6e-01
 4 26  114601.87  6.2e+08  4.4e+08  9.5e-01
 4 27  115157.97  6.1e+08  4.4e+08  9.4e-01
 4 28  115699.44  6.1e+08  4.5e+08  9.2e-01
 4 29  116199.60  6.1e+08  4.7e+08  8.7e-01
 4 30  116680.21  6.3e+08  4.9e+08  7.9e-01
 4 31  117112.58  6.3e+08  5.2e+08  7.3e-01
 4 32  117513.37  6.6e+08  5.5e+08  6.2e-01
 4 33  117850.42  6.9e+08  6.0e+08  5.0e-01
 4 34  118124.89  7.6e+08  6.9e+08  3.3e-01
 4 35  118293.09  8.4e+08  8.1e+08  1.5e-01
 4 36  118353.14  1.0e+09  1.0e+09  3.3e-02
 4 37  118373.78  9.0e+08  8.9e+08  1.6e-02
 5  0   90773.52  1.8e+09  1.8e+01  8.1e-02
 5  1   92064.55  1.7e+09  1.4e+03  6.0e-02
 5  2   93322.60  1.6e+09  2.2e+04  1.2e-01
 5  3   94548.48  1.5e+09  7.7e+05  6.7e-02
 5  4   95742.43  1.4e+09  4.0e+06  9.3e-02
 5  5   96904.68  1.4e+09  3.0e+07  1.0e-01
 5  6   98035.42  1.3e+09  1.3e+08  8.1e-02
 5  7   99134.68  1.2e+09  2.3e+08  1.6e-01
 5  8  100206.57  1.2e+09  4.6e+08  1.5e-01
 5  9  101242.08  1.1e+09  4.7e+08  2.5e-01
 5 10  102224.62  1.1e+09  2.7e+08  3.4e-01
 5 11  103230.15  1.0e+09  4.9e+08  3.6e-01
 5 12  104172.90  9.7e+08  4.9e+08  4.4e-01
 5 13  105102.55  9.3e+08  4.8e+08  5.1e-01
 5 14  105990.27  8.9e+08  4.8e+08  5.7e-01
 5 15  106863.44  8.6e+08  4.8e+08  6.3e-01
 5 16  107695.88  8.3e+08  4.7e+08  6.7e-01
 5 17  108518.22  8.1e+08  4.7e+08  7.2e-01
 5 18  109294.46  7.7e+08  4.7e+08  7.6e-01
 5 19  110083.35  8.4e+08  3.4e+08  8.1e-01
 5 20  110789.67  7.2e+08  4.5e+08  8.6e-01
 5 21  111482.20  7.4e+08  4.0e+08  9.0e-01
 5 22  112184.39  6.8e+08  4.4e+08  9.3e-01
 5 23  112834.74  6.7e+08  4.2e+08  9.4e-01
 5 24  113480.35  6.5e+08  4.4e+08  9.5e-01
 5 25  114082.40  6.3e+08  4.3e+08  9.5e-01
 5 26  114677.18  6.3e+08  4.3e+08  9.5e-01
 5 27  115227.24  6.1e+08  4.4e+08  9.4e-01
 5 28  115770.10  6.3e+08  4.4e+08  9.1e-01
 5 29  116262.02  6.1e+08  4.6e+08  8.7e-01
 5 30  116744.90  6.7e+08  5.0e+08  7.1e-01
 5 31  117166.55  6.4e+08  5.2e+08  7.1e-01
 5 32  117567.66  7.1e+08  5.6e+08  5.4e-01
 5 33  117891.81  7.0e+08  6.1e+08  4.8e-01
 5 34  118163.24  8.6e+08  7.1e+08  2.4e-01
 5 35  118310.44  8.6e+08  8.3e+08  1.2e-01
 5 36  118359.72  1.1e+09  1.1e+09  2.7e-02
 6  0   90994.19  1.8e+09  2.2e+01  1.0e-01
 6  1   92275.18  1.7e+09  2.5e+03  7.3e-02
 6  2   93524.54  1.6e+09  3.0e+04  1.2e-01
 6  3   94742.57  1.5e+09  9.6e+05  8.7e-02
 6  4   95929.31  1.4e+09  6.6e+06  8.6e-02
 6  5   97084.83  1.3e+09  3.1e+07  1.2e-01
 6  6   98209.21  1.3e+09  1.7e+08  9.4e-02
 6  7   99302.45  1.2e+09  2.6e+08  1.6e-01
 6  8  100388.14  1.2e+09  2.8e+08  1.8e-01
 6  9  101398.75  1.1e+09  4.7e+08  2.7e-01
 6 10  102395.53  1.0e+09  4.3e+08  3.7e-01
 6 11  103376.89  1.0e+09  5.2e+08  3.8e-01
 6 12  104316.53  9.6e+08  5.0e+08  4.6e-01
 6 13  105240.67  9.3e+08  4.9e+08  5.3e-01
 6 14  106123.22  8.9e+08  4.9e+08  5.8e-01
 6 15  106995.24  8.6e+08  4.7e+08  6.5e-01
 6 16  107819.97  8.2e+08  4.9e+08  6.8e-01
 6 17  108655.03  8.6e+08  3.9e+08  7.3e-01
 6 18  109410.62  7.7e+08  4.7e+08  7.7e-01
 6 19  110144.50  7.8e+08  4.0e+08  8.2e-01
 6 20  110898.64  7.2e+08  4.5e+08  8.7e-01
 6 21  111592.64  7.0e+08  4.3e+08  9.0e-01
 6 22  112286.96  6.8e+08  4.4e+08  9.3e-01
 6 23  112933.03  6.6e+08  4.3e+08  9.5e-01
 6 24  113577.75  6.6e+08  4.3e+08  9.5e-01
 6 25  114172.64  6.3e+08  4.4e+08  9.5e-01
 6 26  114772.02  6.6e+08  4.0e+08  9.5e-01
 6 27  115309.91  6.1e+08  4.4e+08  9.4e-01
 6 28  115867.17  7.5e+08  3.8e+08  7.8e-01
 6 29  116336.50  6.2e+08  4.7e+08  8.7e-01
 6 30  116766.06  8.2e+08  4.6e+08  5.1e-01
 6 31  117230.74  6.4e+08  5.3e+08  7.0e-01
 6 32  117589.45  8.2e+08  6.5e+08  3.8e-01
 6 33  117940.38  7.0e+08  6.2e+08  4.7e-01
 6 34  118181.21  8.0e+08  7.3e+08  2.7e-01
 6 35  118328.97  8.9e+08  8.7e+08  9.6e-02
 6 36  118366.58  1.1e+09  1.1e+09  2.2e-02
 7  0   91246.63  1.8e+09  3.5e+01  9.0e-02
 7  1   92516.55  1.7e+09  4.1e+03  8.0e-02
 7  2   93756.19  1.6e+09  1.0e+05  6.0e-02
 7  3   94965.42  1.5e+09  1.0e+06  1.1e-01
 7  4   96144.03  1.4e+09  1.3e+07  7.2e-02
 7  5   97291.92  1.3e+09  5.3e+07  9.2e-02
 7  6   98409.10  1.3e+09  1.8e+08  1.1e-01
 7  7   99495.52  1.2e+09  3.9e+08  1.2e-01
 7  8  100548.92  1.1e+09  5.0e+08  1.9e-01
 7  9  101579.26  1.1e+09  4.7e+08  2.9e-01
 7 10  102572.62  1.0e+09  4.9e+08  3.4e-01
 7 11  103546.41  1.0e+09  5.2e+08  3.9e-01
 7 12  104480.69  9.6e+08  5.0e+08  4.7e-01
 7 13  105401.72  9.2e+08  4.9e+08  5.3e-01
 7 14  106276.41  8.8e+08  5.0e+08  5.9e-01
 7 15  107159.56  9.0e+08  4.0e+08  6.4e-01
 7 16  107963.34  8.2e+08  4.9e+08  6.9e-01
 7 17  108742.34  8.3e+08  4.1e+08  7.4e-01
 7 18  109545.15  7.6e+08  4.7e+08  7.9e-01
 7 19  110283.91  7.5e+08  4.4e+08  8.3e-01
 7 20  111025.49  7.2e+08  4.5e+08  8.8e-01
 7 21  111715.44  7.0e+08  4.4e+08  9.0e-01
 7 22  112408.27  6.9e+08  4.3e+08  9.3e-01
 7 23  113045.96  6.6e+08  4.4e+08  9.5e-01
 7 24  113700.15  7.2e+08  3.8e+08  9.3e-01
 7 25  114276.96  6.3e+08  4.4e+08  9.6e-01
 7 26  114811.42  7.9e+08  3.1e+08  8.4e-01
 7 27  115405.67  6.1e+08  4.4e+08  9.5e-01
 7 28  115907.08  6.8e+08  4.2e+08  8.4e-01
 7 29  116422.80  6.2e+08  4.8e+08  8.5e-01
 7 30  116867.40  6.6e+08  5.1e+08  7.1e-01
 7 31  117304.90  6.5e+08  5.3e+08  6.8e-01
 7 32  117668.51  7.0e+08  5.9e+08  5.4e-01
 7 33  117995.60  7.1e+08  6.4e+08  4.3e-01
 7 34  118223.80  7.8e+08  7.4e+08  2.6e-01
 7 35  118336.49  9.5e+08  9.0e+08  9.2e-02
 7 36  118355.04  9.7e+08  9.1e+08  6.8e-02
 7 37  118374.37  1.1e+09  1.1e+09  2.1e-02
 8  0   91528.83  1.8e+09  6.7e+01  8.5e-02
 8  1   92786.83  1.7e+09  4.5e+03  1.1e-01
 8  2   94015.92  1.6e+09  1.5e+05  8.3e-02
 8  3   95215.51  1.5e+09  1.3e+06  1.1e-01
 8  4   96385.18  1.4e+09  1.4e+07  1.0e-01
 8  5   97524.65  1.3e+09  6.4e+07  1.0e-01
 8  6   98633.84  1.2e+09  1.8e+08  1.3e-01
 8  7   99712.70  1.2e+09  3.9e+08  1.5e-01
 8  8  100760.47  1.1e+09  4.9e+08  2.1e-01
 8  9  101782.70  1.1e+09  4.6e+08  3.1e-01
 8 10  102770.00  1.0e+09  4.8e+08  3.7e-01
 8 11  103738.89  1.0e+09  5.1e+08  4.1e-01
 8 12  104665.14  9.5e+08  4.9e+08  5.0e-01
 8 13  105597.22  9.6e+08  4.0e+08  5.5e-01
 8 14  106449.10  8.8e+08  4.9e+08  6.0e-01
 8 15  107278.55  8.7e+08  4.3e+08  6.6e-01
 8 16  108125.42  8.2e+08  4.9e+08  7.0e-01
 8 17  108910.82  7.9e+08  4.6e+08  7.6e-01
 8 18  109698.13  7.6e+08  4.6e+08  8.0e-01
 8 19  110432.77  7.4e+08  4.5e+08  8.5e-01
 8 20  111172.55  7.3e+08  4.3e+08  8.9e-01
 8 21  111852.67  6.9e+08  4.4e+08  9.1e-01
 8 22  112562.56  7.8e+08  3.3e+08  9.3e-01
 8 23  113173.34  6.6e+08  4.4e+08  9.5e-01
 8 24  113764.47  7.2e+08  3.5e+08  9.5e-01
 8 25  114395.12  6.3e+08  4.4e+08  9.6e-01
 8 26  114949.45  6.4e+08  4.2e+08  9.4e-01
 8 27  115514.61  6.2e+08  4.4e+08  9.5e-01
 8 28  116018.07  6.2e+08  4.4e+08  9.0e-01
 8 29  116521.40  6.3e+08  4.8e+08  8.2e-01
 8 30  116961.89  6.4e+08  5.1e+08  7.5e-01
 8 31  117389.67  6.6e+08  5.4e+08  6.5e-01
 8 32  117744.07  6.8e+08  5.8e+08  5.6e-01
 8 33  118058.26  7.5e+08  6.6e+08  3.9e-01
 8 34  118265.46  8.0e+08  7.6e+08  2.3e-01
 8 35  118359.72  9.8e+08  9.7e+08  4.8e-02
 9  0   91838.62  1.8e+09  1.4e+02  9.6e-02
 9  1   93084.11  1.6e+09  8.0e+03  9.2e-02
 9  2   94301.97  1.6e+09  2.6e+05  8.5e-02
 9  3   95491.22  1.5e+09  2.0e+06  1.1e-01
 9  4   96651.21  1.4e+09  2.1e+07  9.2e-02
 9  5   97781.56  1.3e+09  9.2e+07  1.0e-01
 9  6   98882.09  1.2e+09  2.1e+08  1.4e-01
 9  7   99952.70  1.2e+09  4.8e+08  1.4e-01
 9  8  100993.07  1.1e+09  5.0e+08  2.3e-01
 9  9  102008.60  1.1e+09  4.6e+08  3.3e-01
 9 10  102987.76  1.0e+09  5.3e+08  3.6e-01
 9 11  103969.99  1.0e+09  3.8e+08  4.4e-01
 9 12  104869.14  9.4e+08  5.0e+08  5.1e-01
 9 13  105753.14  9.2e+08  4.7e+08  5.6e-01
 9 14  106640.61  8.7e+08  4.9e+08  6.2e-01
 9 15  107474.68  8.4e+08  4.8e+08  6.6e-01
 9 16  108306.28  8.1e+08  4.8e+08  7.1e-01
 9 17  109086.91  7.8e+08  4.7e+08  7.7e-01
 9 18  109872.91  7.8e+08  4.4e+08  8.1e-01
 9 19  110595.77  7.3e+08  4.5e+08  8.6e-01
 9 20  111365.82  8.6e+08  2.7e+08  9.0e-01
 9 21  112004.52  6.9e+08  4.4e+08  9.2e-01
 9 22  112646.48  7.1e+08  3.9e+08  9.4e-01
 9 23  113315.16  6.6e+08  4.4e+08  9.5e-01
 9 24  113916.26  6.5e+08  4.3e+08  9.5e-01
 9 25  114527.85  6.4e+08  4.3e+08  9.7e-01
 9 26  115079.32  6.2e+08  4.3e+08  9.6e-01
 9 27  115639.05  6.4e+08  4.2e+08  9.3e-01
 9 28  116133.47  6.2e+08  4.5e+08  9.0e-01
 9 29  116637.26  6.8e+08  5.1e+08  7.0e-01
 9 30  117062.28  6.4e+08  5.2e+08  7.4e-01
 9 31  117492.94  7.6e+08  6.1e+08  4.9e-01
 9 32  117823.84  6.8e+08  5.9e+08  5.4e-01
 9 33  118087.36  8.7e+08  7.5e+08  2.7e-01
 9 34  118306.41  8.3e+08  7.9e+08  1.8e-01
 9 35  118372.85  1.0e+09  1.0e+09  2.8e-02
10  0   92173.80  1.7e+09  4.1e+02  8.3e-02
10  1   93406.38  1.6e+09  2.2e+04  7.1e-02
10  2   94612.49  1.5e+09  3.1e+05  1.1e-01
10  3   95790.81  1.4e+09  5.7e+06  8.1e-02
10  4   96940.55  1.4e+09  3.3e+07  8.8e-02
10  5   98061.15  1.3e+09  1.1e+08  1.2e-01
10  6   99152.38  1.2e+09  3.6e+08  1.1e-01
10  7  100214.13  1.2e+09  5.2e+08  1.6e-01
10  8  101246.22  1.1e+09  5.0e+08  2.6e-01
10  9  102228.07  1.1e+09  3.2e+08  3.2e-01
10 10  103225.00  1.0e+09  5.3e+08  3.8e-01
10 11  104164.37  9.8e+08  5.0e+08  4.6e-01
10 12  105091.87  9.4e+08  5.1e+08  5.1e-01
10 13  105976.07  9.0e+08  5.0e+08  5.7e-01
10 14  106850.99  8.7e+08  4.9e+08  6.3e-01
10 15  107679.01  8.3e+08  4.9e+08  6.8e-01
10 16  108510.99  8.3e+08  4.4e+08  7.3e-01
10 17  109277.02  7.7e+08  4.7e+08  7.8e-01
10 18  109989.46  8.6e+08  3.0e+08  8.2e-01
10 19  110773.45  7.2e+08  4.6e+08  8.6e-01
10 20  111464.21  7.2e+08  4.2e+08  9.0e-01
10 21  112171.28  6.9e+08  4.4e+08  9.2e-01
10 22  112816.96  6.7e+08  4.3e+08  9.5e-01
10 23  113473.23  6.7e+08  4.3e+08  9.6e-01
10 24  114067.74  6.4e+08  4.4e+08  9.7e-01
10 25  114682.49  6.9e+08  3.8e+08  9.7e-01
10 26  115216.97  6.2e+08  4.4e+08  9.7e-01
10 27  115802.45  8.1e+08  3.7e+08  6.8e-01
10 28  116257.60  6.2e+08  4.7e+08  8.7e-01
10 29  116700.22  7.3e+08  5.5e+08  5.7e-01
10 30  117170.43  6.4e+08  5.2e+08  7.3e-01
10 31  117546.83  7.1e+08  5.9e+08  5.4e-01
10 32  117908.68  7.0e+08  6.1e+08  5.0e-01
10 33  118170.13  7.6e+08  7.0e+08  3.4e-01
10 34  118347.42  9.0e+08  8.6e+08  1.2e-01
#
#END#  -ref=VIZ5daf0ee1bab9 ===================================================================

