# title : BCan94 for D- state (Q transitions)
# reference : Can. J. Phys., 72, (1994) 856-865.
# reference url : null
# authors : Abgrall, H.; Roueff, E.; Launay, F.; Roncin, J.-Y
# type of data : calculated
# lines documented : no
# element name : H2
# element stoechiometry : 
# upper band : D-
# lower band : X
# quantum number used to calculate statistical weight : J
# upper statistical weight formula : 2
# lower statistical weight formula : 2
# quantum numbers name : V; J
# number of lines : 394 -> they are actually 413
# VU, JU, VL, JL, A (s-1), TR.E.(cm-1), term value D-, term value X (Komasa)
0  1  0  1  0.380454E+08 112813.16 112931.65    118.49
0  1  1  1  0.106242E+09 108657.91 112931.65   4273.74
0  1  2  1  0.118171E+09 104737.85 112931.65   8193.80
0  1  3  1  0.676299E+08 101048.16 112931.65  11883.49
0  1  4  1  0.210378E+08  97585.84 112931.65  15345.81
0  1  5  1  0.341388E+07  94349.94 112931.65  18581.71
0  1  6  1  0.256531E+06  91341.83 112931.65  21589.82
0  1  7  1  0.547297E+04  88565.58 112931.65  24366.07
0  1  8  1  0.138991E+02  86028.53 112931.65  26903.12
0  1  9  1  0.267640E-01  83742.09 112931.65  29189.56
0  1 10  1  0.115869E+00  81722.78 112931.65  31208.87
0  1 11  1  0.297455E+01  79993.90 112931.65  32937.75
0  1 12  1  0.426759E+01  78587.80 112931.65  34343.85
0  1 13  1  0.221372E+00  77549.40 112931.65  35382.25
0  1 14  1  0.156990E-02  76941.22 112931.65  35990.43
0  2  0  2  0.379586E+08 112694.93 113049.30    354.37
0  2  1  2  0.106130E+09 108551.46 113049.30   4497.84
0  2  2  2  0.118163E+09 104642.94 113049.30   8406.36
0  2  3  2  0.676469E+08 100964.60 113049.30  12084.70
0  2  4  2  0.210225E+08  97513.56 113049.30  15535.74
0  2  5  2  0.340183E+07  94288.96 113049.30  18760.34
0  2  6  2  0.253683E+06  91292.29 113049.30  21757.01
0  2  7  2  0.526484E+04  88527.80 113049.30  24521.50
0  2  8  2  0.152102E+02  86003.00 113049.30  27046.30
0  2  9  2  0.565329E-02  83729.56 113049.30  29319.74
0  2 10  2  0.114323E+00  81724.35 113049.30  31324.95
0  2 11  2  0.240526E+01  80011.16 113049.30  33038.14
0  2 12  2  0.384698E+01  78623.08 113049.30  34426.22
0  2 13  2  0.221852E+00  77606.31 113049.30  35442.99
0  2 14  2  0.326803E-02  77026.17 113049.30  36023.13
0  3  0  3  0.378303E+08 112519.08 113224.60    705.52
0  3  1  3  0.105963E+09 108393.21 113224.60   4831.39
0  3  2  3  0.118152E+09 104501.90 113224.60   8722.70
0  3  3  3  0.676731E+08 100840.52 113224.60  12384.08
0  3  4  3  0.210003E+08  97406.31 113224.60  15818.29
0  3  5  3  0.338388E+07  94198.60 113224.60  19026.00
0  3  6  3  0.249438E+06  91219.05 113224.60  22005.55
0  3  7  3  0.495874E+04  88472.14 113224.60  24752.46
0  3  8  3  0.174066E+02  85965.69 113224.60  27258.91
0  3  9  3  0.877426E-03  83711.74 113224.60  29512.86
0  3 10  3  0.120746E+00  81727.70 113224.60  31496.90
0  3 11  3  0.185361E+01  80038.12 113224.60  33186.48
0  3 12  3  0.345678E+01  78677.27 113224.60  34547.33
0  3 13  3  0.229073E+00  77693.37 113224.60  35531.23
0  3 14  3  0.613956E-02  77156.77 113224.60  36067.83
0  4  0  4  0.376576E+08 112287.40 113456.20   1168.80
0  4  1  4  0.105743E+09 108184.82 113456.20   5271.38
0  4  2  4  0.118142E+09 104316.30 113456.20   9139.90
0  4  3  4  0.677109E+08 100677.38 113456.20  12778.82
0  4  4  4  0.209719E+08  97265.50 113456.20  16190.70
0  4  5  4  0.336015E+07  94080.17 113456.20  19376.03
0  4  6  4  0.243769E+06  91123.34 113456.20  22332.86
0  4  7  4  0.456495E+04  88399.79 113456.20  25056.41
0  4  8  4  0.204833E+02  85917.75 113456.20  27538.45
0  4  9  4  0.230218E-01  83689.78 113456.20  29766.42
0  4 10  4  0.134056E+00  81734.03 113456.20  31722.17
0  4 11  4  0.133165E+01  80076.10 113456.20  33380.10
0  4 12  4  0.302245E+01  78751.91 113456.20  34704.29
0  4 13  4  0.235476E+00  77812.73 113456.20  35643.47
0  5  0  5  0.374430E+08 112002.15 113742.34   1740.19
0  5  1  5  0.105471E+09 107928.42 113742.34   5813.92
0  5  2  5  0.118137E+09 104088.14 113742.34   9654.20
0  5  3  5  0.677620E+08 100477.07 113742.34  13265.27
0  5  4  5  0.209374E+08  97092.87 113742.34  16649.47
0  5  5  5  0.333064E+07  93935.34 113742.34  19807.00
0  5  6  5  0.236719E+06  91006.75 113742.34  22735.59
0  5  7  5  0.409455E+04  88312.28 113742.34  25430.06
0  5  8  5  0.249158E+02  85860.67 113742.34  27881.67
0  5  9  5  0.667196E-01  83665.17 113742.34  30077.17
0  5 10  5  0.178020E+00  81744.89 113742.34  31997.45
0  5 11  5  0.105932E+01  80126.81 113742.34  33615.53
0  5 12  5  0.291415E+01  78849.13 113742.34  34893.21
0  5 13  5  0.263072E+00  77967.46 113742.34  35774.88
0  6  0  6  0.371859E+08 111666.00 114080.90   2414.90
0  6  1  6  0.105151E+09 107626.51 114080.90   6454.39
0  6  2  6  0.118140E+09 103819.77 114080.90  10261.13
0  6  3  6  0.678258E+08 100241.79 114080.90  13839.11
0  6  4  6  0.208979E+08  96890.51 114080.90  17190.39
0  6  5  6  0.329529E+07  93766.07 114080.90  20314.83
0  6  6  6  0.228232E+06  90871.14 114080.90  23209.76
0  6  7  6  0.356568E+04  88211.39 114080.90  25869.51
0  6  8  6  0.307183E+02  85796.20 114080.90  28284.70
0  6  9  6  0.131799E+00  83639.69 114080.90  30441.21
0  6 10  6  0.267842E+00  81762.15 114080.90  32318.75
0  6 11  6  0.951221E+00  80192.40 114080.90  33888.50
0  6 12  6  0.308279E+01  78971.64 114080.90  35109.26
0  6 13  6  0.313831E+00  78161.93 114080.90  35918.97
0  7  0  7  0.368876E+08 111281.99 114469.46   3187.47
0  7  1  7  0.104789E+09 107281.93 114469.46   7187.53
0  7  2  7  0.118154E+09 103513.84 114469.46  10955.62
0  7  3  7  0.679054E+08  99974.02 114469.46  14495.44
0  7  4  7  0.208539E+08  96660.75 114469.46  17808.71
0  7  5  7  0.325375E+07  93574.57 114469.46  20894.89
0  7  6  7  0.218269E+06  90718.61 114469.46  23750.85
0  7  7  7  0.300058E+04  88099.16 114469.46  26370.30
0  7  8  7  0.381283E+02  85726.37 114469.46  28743.09
0  7  9  7  0.235442E+00  83615.39 114469.46  30854.07
0  7 10  7  0.477696E+00  81788.05 114469.46  32681.41
0  7 11  7  0.111949E+01  80275.46 114469.46  34194.00
0  7 12  7  0.402884E+01  79122.90 114469.46  35346.56
0  7 13  7  0.437835E+00  78402.64 114469.46  36066.82
0  8  0  8  0.365477E+08 110853.38 114905.32   4051.94
0  8  1  8  0.104393E+09 106897.74 114905.32   8007.58
0  8  2  8  0.118181E+09 103173.20 114905.32  11732.12
0  8  3  8  0.680002E+08  99676.43 114905.32  15228.89
0  8  4  8  0.208070E+08  96406.10 114905.32  18499.22
0  8  5  8  0.320521E+07  93363.20 114905.32  21542.12
0  8  6  8  0.206699E+06  90551.44 114905.32  24353.88
0  8  7  8  0.243665E+04  87977.79 114905.32  26927.53
0  8  8  8  0.476640E+02  85653.35 114905.32  29251.97
0  8  9  8  0.591659E+00  83594.56 114905.32  31310.76
0  8 10  8  0.125211E+01  81825.11 114905.32  33080.21
0  8 11  8  0.238940E+01  80379.08 114905.32  34526.24
0  8 12  8  0.911341E+01  79307.37 114905.32  35597.95
0  9  0  9  0.352840E+08 110383.62 115385.58   5001.96
0  9  1  9  0.106204E+09 106477.14 115385.58   8908.44
0  9  2  9  0.116760E+09 102800.86 115385.58  12584.72
0  9  3  9  0.675395E+08  99351.84 115385.58  16033.74
0  9  4  9  0.216180E+08  96129.20 115385.58  19256.38
0  9  5  9  0.299514E+07  93134.47 115385.58  22251.11
0  9  6  9  0.145854E+06  90372.01 115385.58  25013.57
0  9  7  9  0.185813E+05  87849.63 115385.58  27535.95
0  9  8  9  0.678478E+03  85579.54 115385.58  29806.04
0  9  9  9  0.681731E+04  83579.73 115385.58  31805.85
0  9 10  9  0.917504E+04  81876.21 115385.58  33509.37
0  9 11  9  0.203482E+05  80506.96 115385.58  34878.62
0  9 12  9  0.865765E+05  79530.99 115385.58  35854.59
0 10  0 10  0.357831E+08 109876.28 115907.20   6030.92
0 10  1 10  0.103449E+09 106023.46 115907.20   9883.74
0 10  2 10  0.118337E+09 102399.92 115907.20  13507.28
0 10  3 10  0.682579E+08  99003.14 115907.20  16904.06
0 10  4 10  0.206722E+08  95832.78 115907.20  20074.42
0 10  5 10  0.308893E+07  92890.98 115907.20  23016.22
0 10  6 10  0.180362E+06  90182.84 115907.20  25724.36
0 10  7 10  0.115416E+04  87717.17 115907.20  28190.03
0 10  8 10  0.630760E+02  85507.49 115907.20  30399.71
0 10  9 10  0.950305E+00  83573.69 115907.20  32333.51
0 10 10 10  0.169369E+00  81944.69 115907.20  33962.51
0 10 11 10  0.880754E+00  80663.65 115907.20  35243.55
0 10 12 10  0.539763E+01  79802.50 115907.20  36104.70
0 11  0 11  0.353415E+08 109334.96 116467.02   7132.06
0 11  1 11  0.102976E+09 105540.05 116467.02  10926.97
0 11  2 11  0.118436E+09 101973.48 116467.02  14493.54
0 11  3 11  0.684071E+08  98633.25 116467.02  17833.77
0 11  4 11  0.206031E+08  95519.60 116467.02  20947.42
0 11  5 11  0.301432E+07  92635.35 116467.02  23831.67
0 11  6 11  0.164195E+06  89986.49 116467.02  26480.53
0 11  7 11  0.701962E+03  87582.98 116467.02  28884.04
0 11  8 11  0.741775E+02  85439.91 116467.02  31027.11
0 11  9 11  0.731169E+00  83579.49 116467.02  32887.53
0 11 10 11  0.533090E-02  82034.38 116467.02  34432.64
0 11 11 11  0.723205E-01  80854.95 116467.02  35612.07
0 12  0 12  0.348770E+08 108763.22 117061.82   8298.60
0 12  1 12  0.102483E+09 105030.21 117061.82  12031.61
0 12  2 12  0.118574E+09 101524.65 117061.82  15537.17
0 12  3 12  0.685765E+08  98245.08 117061.82  18816.74
0 12  4 12  0.205171E+08  95192.39 117061.82  21869.43
0 12  5 12  0.292829E+07  92370.22 117061.82  24691.60
0 12  6 12  0.146741E+06  89785.57 117061.82  27276.25
0 12  7 12  0.325677E+03  87449.73 117061.82  29612.09
0 12  8 12  0.831280E+02  85379.70 117061.82  31682.12
0 12  9 12  0.126527E+01  83600.56 117061.82  33461.26
0 12 10 12  0.608890E-01  82149.87 117061.82  34911.95
0 12 11 12  0.246644E-01  81088.79 117061.82  35973.03
0 13  0 13  0.344049E+08 108164.57 117688.36   9523.79
0 13  1 13  0.101952E+09 104497.21 117688.36  13191.15
0 13  2 13  0.118780E+09 101056.45 117688.36  16631.91
0 13  3 13  0.687690E+08  97841.47 117688.36  19846.89
0 13  4 13  0.203985E+08  94853.89 117688.36  22834.47
0 13  5 13  0.283174E+07  92098.25 117688.36  25590.11
0 13  6 13  0.128272E+06  89582.72 117688.36  28105.64
0 13  7 13  0.558348E+02  87320.20 117688.36  30368.16
0 13  8 13  0.692536E+02  85329.98 117688.36  32358.38
0 13  9 13  0.311011E+01  83640.77 117688.36  34047.59
0 13 10 13  0.967081E+00  82296.84 117688.36  35391.52
0 14  0 14  0.338968E+08 107542.41 118343.42  10801.01
0 14  1 14  0.101483E+09 103944.20 118343.42  14399.22
0 14  2 14  0.118994E+09 100571.85 118343.42  17771.57
0 14  3 14  0.689702E+08  97425.22 118343.42  20918.20
0 14  4 14  0.202725E+08  94506.77 118343.42  23836.65
0 14  5 14  0.271329E+07  91822.06 118343.42  26521.36
0 14  6 14  0.108199E+06  89380.65 118343.42  28962.77
0 14  7 14  0.213884E+01  87197.31 118343.42  31146.11
0 14  8 14  0.761724E+02  85294.18 118343.42  33049.24
0 14  9 14  0.480204E+01  83704.70 118343.42  34638.72
0 14 10 14  0.126513E+00  82482.88 118343.42  35860.54
1  1  0  1  0.672201E+08 115036.15 115154.64    118.49
1  1  1  1  0.570883E+08 110880.90 115154.64   4273.74
1  1  2  1  0.173270E+06 106960.84 115154.64   8193.80
1  1  3  1  0.560166E+08 103271.15 115154.64  11883.49
1  1  4  1  0.103153E+09  99808.83 115154.64  15345.81
1  1  5  1  0.554961E+08  96572.93 115154.64  18581.71
1  1  6  1  0.132820E+08  93564.82 115154.64  21589.82
1  1  7  1  0.150974E+07  90788.57 115154.64  24366.07
1  1  8  1  0.247113E+04  88251.52 115154.64  26903.12
1  1  9  1  0.521800E+04  85965.08 115154.64  29189.56
1  1 10  1  0.222194E+05  83945.77 115154.64  31208.87
1  1 11  1  0.909044E+04  82216.89 115154.64  32937.75
1  1 12  1  0.858300E+04  80810.79 115154.64  34343.85
1  1 13  1  0.250255E+06  79772.39 115154.64  35382.25
1  1 14  1  0.104137E+05  79164.21 115154.64  35990.43
1  2  0  2  0.657090E+08 114911.73 115266.10    354.37
1  2  1  2  0.593130E+08 110768.26 115266.10   4497.84
1  2  2  2  0.901553E+05 106859.74 115266.10   8406.36
1  2  3  2  0.560224E+08 103181.40 115266.10  12084.70
1  2  4  2  0.100980E+09  99730.36 115266.10  15535.74
1  2  5  2  0.570826E+08  96505.76 115266.10  18760.34
1  2  6  2  0.133708E+08  93509.09 115266.10  21757.01
1  2  7  2  0.120090E+07  90744.60 115266.10  24521.50
1  2  8  2  0.180828E+05  88219.80 115266.10  27046.30
1  2  9  2  0.507778E+03  85946.36 115266.10  29319.74
1  2 10  2  0.587139E+02  83941.15 115266.10  31324.95
1  2 11  2  0.196334E+02  82227.96 115266.10  33038.14
1  2 12  2  0.235887E+02  80839.88 115266.10  34426.22
1  2 13  2  0.704809E+03  79823.11 115266.10  35442.99
1  2 14  2  0.297000E+02  79242.97 115266.10  36023.13
1  3  0  3  0.654483E+08 114726.67 115432.19    705.52
1  3  1  3  0.593462E+08 110600.80 115432.19   4831.39
1  3  2  3  0.915041E+05 106709.49 115432.19   8722.70
1  3  3  3  0.560165E+08 103048.11 115432.19  12384.08
1  3  4  3  0.101015E+09  99613.90 115432.19  15818.29
1  3  5  3  0.570969E+08  96406.19 115432.19  19026.00
1  3  6  3  0.132884E+08  93426.64 115432.19  22005.55
1  3  7  3  0.116527E+07  90679.73 115432.19  24752.46
1  3  8  3  0.171574E+05  88173.28 115432.19  27258.91
1  3  9  3  0.469335E+03  85919.33 115432.19  29512.86
1  3 10  3  0.946257E+01  83935.29 115432.19  31496.90
1  3 11  3  0.179488E+01  82245.71 115432.19  33186.48
1  3 12  3  0.363361E+01  80884.86 115432.19  34547.33
1  3 13  3  0.111663E+03  79900.96 115432.19  35531.23
1  3 14  3  0.466983E+01  79364.36 115432.19  36067.83
1  4  0  4  0.651540E+08 114482.79 115651.59   1168.80
1  4  1  4  0.593170E+08 110380.21 115651.59   5271.38
1  4  2  4  0.960981E+05 106511.69 115651.59   9139.90
1  4  3  4  0.560101E+08 102872.77 115651.59  12778.82
1  4  4  4  0.101145E+09  99460.89 115651.59  16190.70
1  4  5  4  0.570610E+08  96275.56 115651.59  19376.03
1  4  6  4  0.131737E+08  93318.73 115651.59  22332.86
1  4  7  4  0.112749E+07  90595.18 115651.59  25056.41
1  4  8  4  0.151870E+05  88113.14 115651.59  27538.45
1  4  9  4  0.492788E+03  85885.17 115651.59  29766.42
1  4 10  4  0.371575E+01  83929.42 115651.59  31722.17
1  4 11  4  0.146231E+00  82271.49 115651.59  33380.10
1  4 12  4  0.104409E+01  80947.30 115651.59  34704.29
1  4 13  4  0.343991E+02  80008.12 115651.59  35643.47
1  5  0  5  0.647956E+08 114182.42 115922.61   1740.19
1  5  1  5  0.592693E+08 110108.69 115922.61   5813.92
1  5  2  5  0.102887E+06 106268.41 115922.61   9654.20
1  5  3  5  0.560048E+08 102657.34 115922.61  13265.27
1  5  4  5  0.101330E+09  99273.14 115922.61  16649.47
1  5  5  5  0.570049E+08  96115.61 115922.61  19807.00
1  5  6  5  0.130288E+08  93187.02 115922.61  22735.59
1  5  7  5  0.108255E+07  90492.55 115922.61  25430.06
1  5  8  5  0.127381E+05  88040.94 115922.61  27881.67
1  5  9  5  0.536352E+03  85845.44 115922.61  30077.17
1  5 10  5  0.274549E+01  83925.16 115922.61  31997.45
1  5 11  5  0.841707E-02  82307.08 115922.61  33615.53
1  5 12  5  0.369310E+00  81029.40 115922.61  34893.21
1  5 13  5  0.151210E+02  80147.73 115922.61  35774.88
1  6  0  6  0.643715E+08 113828.33 116243.23   2414.90
1  6  1  6  0.592151E+08 109788.84 116243.23   6454.39
1  6  2  6  0.111891E+06 105982.10 116243.23  10261.13
1  6  3  6  0.560039E+08 102404.12 116243.23  13839.11
1  6  4  6  0.101568E+09  99052.84 116243.23  17190.39
1  6  5  6  0.569348E+08  95928.40 116243.23  20314.83
1  6  6  6  0.128533E+08  93033.47 116243.23  23209.76
1  6  7  6  0.102951E+07  90373.72 116243.23  25869.51
1  6  8  6  0.100433E+05  87958.53 116243.23  28284.70
1  6  9  6  0.590430E+03  85802.02 116243.23  30441.21
1  6 10  6  0.319312E+01  83924.48 116243.23  32318.75
1  6 11  6  0.166033E+00  82354.73 116243.23  33888.50
1  6 12  6  0.132041E+00  81133.97 116243.23  35109.26
1  6 13  6  0.945792E+01  80324.26 116243.23  35918.97
1  7  0  7  0.638789E+08 113423.64 116611.11   3187.47
1  7  1  7  0.591627E+08 109423.58 116611.11   7187.53
1  7  2  7  0.123257E+06 105655.49 116611.11  10955.62
1  7  3  7  0.560108E+08 102115.67 116611.11  14495.44
1  7  4  7  0.101857E+09  98802.40 116611.11  17808.71
1  7  5  7  0.568531E+08  95716.22 116611.11  20894.89
1  7  6  7  0.126457E+08  92860.26 116611.11  23750.85
1  7  7  7  0.967983E+06  90240.81 116611.11  26370.30
1  7  8  7  0.730846E+04  87868.02 116611.11  28743.09
1  7  9  7  0.649031E+03  85757.04 116611.11  30854.07
1  7 10  7  0.460074E+01  83929.70 116611.11  32681.41
1  7 11  7  0.511267E+00  82417.11 116611.11  34194.00
1  7 12  7  0.508499E-01  81264.55 116611.11  35346.56
1  7 13  7  0.957151E+01  80544.29 116611.11  36066.82
1  8  0  8  0.633169E+08 112971.74 117023.68   4051.94
1  8  1  8  0.591252E+08 109016.10 117023.68   8007.58
1  8  2  8  0.136822E+06 105291.56 117023.68  11732.12
1  8  3  8  0.560307E+08 101794.79 117023.68  15228.89
1  8  4  8  0.102195E+09  98524.46 117023.68  18499.22
1  8  5  8  0.567665E+08  95481.56 117023.68  21542.12
1  8  6  8  0.124027E+08  92669.80 117023.68  24353.88
1  8  7  8  0.897197E+06  90096.15 117023.68  26927.53
1  8  8  8  0.479247E+04  87771.71 117023.68  29251.97
1  8  9  8  0.709802E+03  85712.92 117023.68  31310.76
1  8 10  8  0.570302E+01  83943.47 117023.68  33080.21
1  8 11  8  0.229215E+01  82497.44 117023.68  34526.24
1  8 12  8  0.169203E+00  81425.73 117023.68  35597.95
1  9  0  9  0.627398E+08 112476.21 117478.17   5001.96
1  9  1  9  0.590194E+08 108569.73 117478.17   8908.44
1  9  2  9  0.156597E+06 104893.45 117478.17  12584.72
1  9  3  9  0.560824E+08 101444.43 117478.17  16033.74
1  9  4  9  0.102666E+09  98221.79 117478.17  19256.38
1  9  5  9  0.566023E+08  95227.06 117478.17  22251.11
1  9  6  9  0.121255E+08  92464.60 117478.17  25013.57
1  9  7  9  0.824509E+06  89942.22 117478.17  27535.95
1  9  8  9  0.218987E+04  87672.13 117478.17  29806.04
1  9  9  9  0.699703E+03  85672.32 117478.17  31805.85
1  9 10  9  0.321935E+02  83968.80 117478.17  33509.37
1  9 11  9  0.579366E+01  82599.55 117478.17  34878.62
1  9 12  9  0.327706E+01  81623.58 117478.17  35854.59
1 10  0 10  0.620476E+08 111940.73 117971.65   6030.92
1 10  1 10  0.590225E+08 108087.91 117971.65   9883.74
1 10  2 10  0.174825E+06 104464.37 117971.65  13507.28
1 10  3 10  0.561535E+08 101067.59 117971.65  16904.06
1 10  4 10  0.103121E+09  97897.23 117971.65  20074.42
1 10  5 10  0.564973E+08  94955.43 117971.65  23016.22
1 10  6 10  0.117982E+08  92247.29 117971.65  25724.36
1 10  7 10  0.735802E+06  89781.62 117971.65  28190.03
1 10  8 10  0.772003E+03  87571.94 117971.65  30399.71
1 10  9 10  0.730653E+03  85638.14 117971.65  32333.51
1 10 10 10  0.326232E+02  84009.14 117971.65  33962.51
1 10 11 10  0.616109E+00  82728.10 117971.65  35243.55
1 10 12 10  0.161386E+01  81866.95 117971.65  36104.70
2  1  0  1  0.704082E+08 117129.59 117248.08    118.49
2  1  1  1  0.103935E+08 112974.34 117248.08   4273.74
2  1  2  1  0.306569E+08 109054.28 117248.08   8193.80
2  1  3  1  0.373573E+08 105364.59 117248.08  11883.49
2  1  4  1  0.299501E+07 101902.27 117248.08  15345.81
2  1  5  1  0.791016E+08  98666.37 117248.08  18581.71
2  1  6  1  0.897617E+08  95658.26 117248.08  21589.82
2  1  7  1  0.301925E+08  92882.01 117248.08  24366.07
2  1  8  1  0.305128E+07  90344.96 117248.08  26903.12
2  1  9  1  0.263134E+05  88058.52 117248.08  29189.56
2  1 10  1  0.345752E+04  86039.21 117248.08  31208.87
2  1 11  1  0.952498E+02  84310.33 117248.08  32937.75
2  1 12  1  0.560755E+01  82904.23 117248.08  34343.85
2  1 13  1  0.839400E+01  81865.83 117248.08  35382.25
2  1 14  1  0.170873E+03  81257.65 117248.08  35990.43
2  2  0  2  0.702614E+08 116999.20 117353.57    354.37
2  2  1  2  0.104253E+08 112855.73 117353.57   4497.84
2  2  2  2  0.305989E+08 108947.21 117353.57   8406.36
2  2  3  2  0.373304E+08 105268.87 117353.57  12084.70
2  2  4  2  0.301248E+07 101817.83 117353.57  15535.74
2  2  5  2  0.792760E+08  98593.23 117353.57  18760.34
2  2  6  2  0.898223E+08  95596.56 117353.57  21757.01
2  2  7  2  0.300495E+08  92832.07 117353.57  24521.50
2  2  8  2  0.298556E+07  90307.27 117353.57  27046.30
2  2  9  2  0.235998E+05  88033.83 117353.57  29319.74
2  2 10  2  0.347975E+04  86028.62 117353.57  31324.95
2  2 11  2  0.825497E+02  84315.43 117353.57  33038.14
2  2 12  2  0.151147E+01  82927.35 117353.57  34426.22
2  2 13  2  0.552824E+01  81910.58 117353.57  35442.99
2  2 14  2  0.690469E+02  81330.44 117353.57  36023.13
2  3  0  3  0.700563E+08 116805.20 117510.72    705.52
2  3  1  3  0.104668E+08 112679.33 117510.72   4831.39
2  3  2  3  0.304957E+08 108788.02 117510.72   8722.70
2  3  3  3  0.372987E+08 105126.64 117510.72  12384.08
2  3  4  3  0.303646E+07 101692.43 117510.72  15818.29
2  3  5  3  0.795618E+08  98484.72 117510.72  19026.00
2  3  6  3  0.899014E+08  95505.17 117510.72  22005.55
2  3  7  3  0.298282E+08  92758.26 117510.72  24752.46
2  3  8  3  0.289155E+07  90251.81 117510.72  27258.91
2  3  9  3  0.196190E+05  87997.86 117510.72  29512.86
2  3 10  3  0.354160E+04  86013.82 117510.72  31496.90
2  3 11  3  0.848452E+02  84324.24 117510.72  33186.48
2  3 12  3  0.417709E+00  82963.39 117510.72  34547.33
2  3 13  3  0.430084E+01  81979.49 117510.72  35531.23
2  3 14  3  0.310766E+02  81442.89 117510.72  36067.83
2  4  0  4  0.697834E+08 116549.49 117718.29   1168.80
2  4  1  4  0.105205E+08 112446.91 117718.29   5271.38
2  4  2  4  0.303491E+08 108578.39 117718.29   9139.90
2  4  3  4  0.372631E+08 104939.47 117718.29  12778.82
2  4  4  4  0.306757E+07 101527.59 117718.29  16190.70
2  4  5  4  0.799587E+08  98342.26 117718.29  19376.03
2  4  6  4  0.900018E+08  95385.43 117718.29  22332.86
2  4  7  4  0.295280E+08  92661.88 117718.29  25056.41
2  4  8  4  0.276887E+07  90179.84 117718.29  27538.45
2  4  9  4  0.148263E+05  87951.87 117718.29  29766.42
2  4 10  4  0.361645E+04  85996.12 117718.29  31722.17
2  4 11  4  0.986950E+02  84338.19 117718.29  33380.10
2  4 12  4  0.177996E+00  83014.00 117718.29  34704.29
2  4 13  4  0.442274E+01  82074.82 117718.29  35643.47
2  5  0  5  0.694413E+08 116234.48 117974.67   1740.19
2  5  1  5  0.105933E+08 112160.75 117974.67   5813.92
2  5  2  5  0.301663E+08 108320.47 117974.67   9654.20
2  5  3  5  0.372220E+08 104709.40 117974.67  13265.27
2  5  4  5  0.310734E+07 101325.20 117974.67  16649.47
2  5  5  5  0.804607E+08  98167.67 117974.67  19807.00
2  5  6  5  0.901313E+08  95239.08 117974.67  22735.59
2  5  7  5  0.291481E+08  92544.61 117974.67  25430.06
2  5  8  5  0.261582E+07  90093.00 117974.67  27881.67
2  5  9  5  0.985680E+04  87897.50 117974.67  30077.17
2  5 10  5  0.366724E+04  85977.22 117974.67  31997.45
2  5 11  5  0.116203E+03  84359.14 117974.67  33615.53
2  5 12  5  0.988225E-03  83081.46 117974.67  34893.21
2  5 13  5  0.102248E+02  82199.79 117974.67  35774.88
2  6  0  6  0.690833E+08 115862.99 118277.89   2414.90
2  6  1  6  0.106453E+08 111823.50 118277.89   6454.39
2  6  2  6  0.298694E+08 108016.76 118277.89  10261.13
2  6  3  6  0.372175E+08 104438.78 118277.89  13839.11
2  6  4  6  0.314703E+07 101087.50 118277.89  17190.39
2  6  5  6  0.811870E+08  97963.06 118277.89  20314.83
2  6  6  6  0.902129E+08  95068.13 118277.89  23209.76
2  6  7  6  0.286653E+08  92408.38 118277.89  25869.51
2  6  8  6  0.245194E+07  89993.19 118277.89  28284.70
2  6  9  6  0.461745E+04  87836.68 118277.89  30441.21
2  6 10  6  0.363237E+04  85959.14 118277.89  32318.75
2  6 11  6  0.247159E+03  84389.39 118277.89  33888.50
2  6 12  6  0.234335E+02  83168.63 118277.89  35109.26
2  6 13  6  0.375975E+02  82358.92 118277.89  35918.97
