# Data for B+ transitions (P and R) 
#  Number of transitions: 298 
#  JU 	 VU 	 JL 	 VL 		 lambda [A] 		 osc strength f 		 Gamma [1/s]
     0      0      1      0              1110.06          5.74000E-04          1.86000E+09
     1      0      2      0              1112.50          6.91000E-04          1.86000E+09
     2      0      3      0              1115.90          7.38000E-04          1.86000E+09
     3      0      4      0              1120.25          7.56000E-04          1.85000E+09
     4      0      5      0              1125.54          7.58000E-04          1.84000E+09
     5      0      6      0              1131.75          7.48000E-04          1.83000E+09
     6      0      7      0              1138.87          7.30000E-04          1.82000E+09
     1      0      0      0              1108.13          1.66000E-03          1.86000E+09
     2      0      1      0              1108.63          1.08000E-03          1.86000E+09
     3      0      2      0              1110.12          9.32000E-04          1.85000E+09
     4      0      3      0              1112.58          8.47000E-04          1.84000E+09
     5      0      4      0              1116.01          7.78000E-04          1.83000E+09
     6      0      5      0              1120.40          7.16000E-04          1.82000E+09
     7      0      6      0              1125.73          6.56000E-04          1.80000E+09
     8      0      7      0              1131.98          5.99000E-04          1.78000E+09
     0      1      1      0              1094.05          1.97000E-03          1.74000E+09
     1      1      2      0              1096.44          2.37000E-03          1.74000E+09
     2      1      3      0              1099.79          2.53000E-03          1.73000E+09
     3      1      4      0              1104.08          2.59000E-03          1.73000E+09
     4      1      5      0              1109.31          2.62000E-03          1.72000E+09
     5      1      6      0              1115.46          2.60000E-03          1.71000E+09
     6      1      7      0              1122.49          2.57000E-03          1.70000E+09
     1      1      0      0              1092.20          5.78000E-03          1.74000E+09
     2      1      1      0              1092.73          3.78000E-03          1.73000E+09
     3      1      2      0              1094.24          3.32000E-03          1.73000E+09
     4      1      3      0              1096.73          3.06000E-03          1.72000E+09
     5      1      4      0              1100.16          2.85000E-03          1.71000E+09
     6      1      5      0              1104.55          2.68000E-03          1.70000E+09
     7      1      6      0              1109.86          2.51000E-03          1.68000E+09
     8      1      7      0              1116.08          2.34000E-03          1.66000E+09
     0      2      1      0              1078.93          3.92000E-03          1.63000E+09
     1      2      2      0              1081.27          4.70000E-03          1.63000E+09
     2      2      3      0              1084.56          5.01000E-03          1.63000E+09
     3      2      4      0              1088.80          5.15000E-03          1.62000E+09
     4      2      5      0              1093.95          5.21000E-03          1.61000E+09
     5      2      6      0              1100.02          5.21000E-03          1.60000E+09
     6      2      7      0              1106.97          5.18000E-03          1.59000E+09
     1      2      0      0              1077.14          1.17000E-02          1.63000E+09
     2      2      1      0              1077.70          7.69000E-03          1.63000E+09
     3      2      2      0              1079.23          6.82000E-03          1.62000E+09
     4      2      3      0              1081.71          6.36000E-03          1.61000E+09
     5      2      4      0              1085.15          6.03000E-03          1.60000E+09
     6      2      5      0              1089.51          5.74000E-03          1.59000E+09
     7      2      6      0              1094.80          5.46000E-03          1.58000E+09
     8      2      7      0              1100.98          5.19000E-03          1.56000E+09
     0      3      1      0              1064.61          5.94000E-03          1.54000E+09
     1      3      2      0              1066.90          7.09000E-03          1.53000E+09
     2      3      3      0              1070.14          7.54000E-03          1.53000E+09
     3      3      4      0              1074.31          7.74000E-03          1.52000E+09
     4      3      5      0              1079.40          7.83000E-03          1.52000E+09
     5      3      6      0              1085.38          7.86000E-03          1.51000E+09
     6      3      7      0              1092.24          7.84000E-03          1.50000E+09
     1      3      0      0              1062.88          1.79000E-02          1.53000E+09
     2      3      1      0              1063.46          1.19000E-02          1.53000E+09
     3      3      2      0              1064.99          1.06000E-02          1.52000E+09
     4      3      3      0              1067.48          1.00000E-02          1.52000E+09
     5      3      4      0              1070.90          9.63000E-03          1.51000E+09
     6      3      5      0              1075.24          9.28000E-03          1.50000E+09
     7      3      6      0              1080.49          8.95000E-03          1.49000E+09
     8      3      7      0              1086.63          8.63000E-03          1.48000E+09
     0      4      1      0              1051.03          7.60000E-03          1.45000E+09
     1      4      2      0              1053.28          9.02000E-03          1.45000E+09
     2      4      3      0              1056.47          9.56000E-03          1.44000E+09
     3      4      4      0              1060.58          9.79000E-03          1.44000E+09
     4      4      5      0              1065.60          9.90000E-03          1.43000E+09
     5      4      6      0              1071.50          9.94000E-03          1.43000E+09
     6      4      7      0              1078.27          9.94000E-03          1.42000E+09
     1      4      0      0              1049.37          2.32000E-02          1.45000E+09
     2      4      1      0              1049.96          1.55000E-02          1.44000E+09
     3      4      2      0              1051.50          1.40000E-02          1.44000E+09
     4      4      3      0              1053.98          1.34000E-02          1.43000E+09
     5      4      4      0              1057.38          1.29000E-02          1.43000E+09
     6      4      5      0              1061.70          1.26000E-02          1.42000E+09
     7      4      6      0              1066.91          1.23000E-02          1.41000E+09
     8      4      7      0              1072.99          1.20000E-02          1.40000E+09
     0      5      1      0              1038.16          8.66000E-03          1.37000E+09
     1      5      2      0              1040.37          1.02000E-02          1.37000E+09
     2      5      3      0              1043.50          1.08000E-02          1.37000E+09
     3      5      4      0              1047.55          1.10000E-02          1.36000E+09
     4      5      5      0              1052.50          1.11000E-02          1.36000E+09
     5      5      6      0              1058.32          1.11000E-02          1.35000E+09
     6      5      7      0              1065.00          1.11000E-02          1.34000E+09
     1      5      0      0              1036.55          2.68000E-02          1.37000E+09
     2      5      1      0              1037.15          1.81000E-02          1.37000E+09
     3      5      2      0              1038.69          1.65000E-02          1.36000E+09
     4      5      3      0              1041.16          1.59000E-02          1.36000E+09
     5      5      4      0              1044.54          1.55000E-02          1.35000E+09
     6      5      5      0              1048.83          1.52000E-02          1.34000E+09
     7      5      6      0              1054.00          1.50000E-02          1.33000E+09
     8      5      7      0              1060.03          1.48000E-02          1.32000E+09
     0      6      1      0              1025.94          9.09000E-03          1.30000E+09
     1      6      2      0              1028.11          1.06000E-02          1.30000E+09
     2      6      3      0              1031.19          1.11000E-02          1.30000E+09
     3      6      4      0              1035.18          1.13000E-02          1.29000E+09
     4      6      5      0              1040.06          1.13000E-02          1.29000E+09
     5      6      6      0              1045.80          1.13000E-02          1.28000E+09
     6      6      7      0              1052.39          1.13000E-02          1.27000E+09
     1      6      0      0              1024.37          2.87000E-02          1.30000E+09
     2      6      1      0              1024.99          1.96000E-02          1.30000E+09
     3      6      2      0              1026.53          1.80000E-02          1.29000E+09
     4      6      3      0              1028.99          1.74000E-02          1.29000E+09
     5      6      4      0              1032.35          1.71000E-02          1.28000E+09
     6      6      5      0              1036.60          1.70000E-02          1.27000E+09
     7      6      6      0              1041.73          1.68000E-02          1.26000E+09
     8      6      7      0              1047.71          1.67000E-02          1.26000E+09
     0      7      1      0              1014.33          8.98000E-03          1.24000E+09
     1      7      2      0              1016.46          1.02000E-02          1.24000E+09
     2      7      3      0              1019.50          1.05000E-02          1.23000E+09
     3      7      4      0              1023.44          1.05000E-02          1.23000E+09
     4      7      5      0              1028.25          1.05000E-02          1.22000E+09
     5      7      6      0              1033.92          1.05000E-02          1.22000E+09
     6      7      7      0              1040.42          1.05000E-02          1.21000E+09
     1      7      0      0              1012.81          2.97000E-02          1.24000E+09
     2      7      1      0              1013.44          2.05000E-02          1.23000E+09
     3      7      2      0              1014.98          1.89000E-02          1.23000E+09
     4      7      3      0              1017.42          1.84000E-02          1.22000E+09
     5      7      4      0              1020.77          1.81000E-02          1.22000E+09
     6      7      5      0              1024.99          1.80000E-02          1.21000E+09
     7      7      6      0              1030.07          1.79000E-02          1.20000E+09
     8      7      7      0              1036.00          1.79000E-02          1.19000E+09
     0      8      1      0              1003.30          8.47000E-03          1.18000E+09
     1      8      2      0              1005.39          9.91000E-03          1.18000E+09
     2      8      3      0              1008.39          1.04000E-02          1.17000E+09
     3      8      4      0              1012.26          1.08000E-02          1.17000E+09
     4      8      5      0              1017.00          1.12000E-02          1.17000E+09
     5      8      6      0              1022.59          1.26000E-02          1.16000E+09
     6      8      7      0              1028.80          2.33000E-02          1.17000E+09
     1      8      0      0              1001.82          2.68000E-02          1.18000E+09
     2      8      1      0              1002.45          1.82000E-02          1.17000E+09
     3      8      2      0              1003.99          1.66000E-02          1.17000E+09
     4      8      3      0              1006.41          1.57000E-02          1.17000E+09
     5      8      4      0              1009.72          1.41000E-02          1.16000E+09
     6      8      5      0              1013.71          1.16000E-03          1.17000E+09
     7      8      6      0              1019.02          2.05000E-02          1.14000E+09
     8      8      7      0              1024.88          1.91000E-02          1.14000E+09
     0      9      1      0               992.81          7.70000E-03          1.12000E+09
     1      9      2      0               994.87          8.66000E-03          1.12000E+09
     2      9      3      0               997.83          8.76000E-03          1.12000E+09
     3      9      4      0              1001.66          8.69000E-03          1.12000E+09
     4      9      5      0              1006.34          8.63000E-03          1.11000E+09
     5      9      6      0              1011.87          8.64000E-03          1.11000E+09
     6      9      7      0              1018.22          8.76000E-03          1.10000E+09
     1      9      0      0               991.38          2.61000E-02          1.12000E+09
     2      9      1      0               992.02          1.83000E-02          1.12000E+09
     3      9      2      0               993.55          1.70000E-02          1.12000E+09
     4      9      3      0               995.97          1.67000E-02          1.11000E+09
     5      9      4      0               999.27          1.66000E-02          1.11000E+09
     6      9      5      0              1003.43          1.65000E-02          1.10000E+09
     7      9      6      0              1008.43          1.64000E-02          1.09000E+09
     8      9      7      0              1014.25          1.61000E-02          1.09000E+09
     0     10      1      0               982.84          6.81000E-03          1.07000E+09
     1     10      2      0               984.86          8.17000E-03          1.07000E+09
     2     10      3      0               987.77          8.93000E-03          1.07000E+09
     3     10      4      0               991.53          9.92000E-03          1.07000E+09
     4     10      5      0               996.12          1.27000E-02          1.07000E+09
     5     10      6      0              1001.91          2.63000E-04          1.09000E+09
     6     10      7      0              1007.99          3.74000E-03          1.05000E+09
     1     10      0      0               981.44          2.07000E-02          1.07000E+09
     2     10      1      0               982.07          1.36000E-02          1.07000E+09
     3     10      2      0               983.59          1.16000E-02          1.07000E+09
     4     10      3      0               985.96          8.28000E-03          1.07000E+09
     5     10      4      0               989.56          3.11000E-02          1.09000E+09
     6     10      5      0               993.49          2.02000E-02          1.05000E+09
     7     10      6      0               998.43          1.79000E-02          1.04000E+09
     8     10      7      0              1004.20          1.71000E-02          1.04000E+09
     0     11      1      0               973.34          5.90000E-03          1.02000E+09
     1     11      2      0               975.35          6.64000E-03          1.02000E+09
     2     11      3      0               978.22          6.73000E-03          1.02000E+09
     3     11      4      0               981.95          6.71000E-03          1.02000E+09
     4     11      5      0               986.52          6.72000E-03          1.02000E+09
     5     11      6      0               991.92          6.83000E-03          1.01000E+09
     6     11      7      0               998.11          7.13000E-03          1.01000E+09
     1     11      0      0               971.99          2.00000E-02          1.02000E+09
     2     11      1      0               972.63          1.41000E-02          1.02000E+09
     3     11      2      0               974.16          1.32000E-02          1.02000E+09
     4     11      3      0               976.55          1.29000E-02          1.02000E+09
     5     11      4      0               979.81          1.28000E-02          1.01000E+09
     6     11      5      0               983.90          1.26000E-02          1.01000E+09
     7     11      6      0               988.81          1.22000E-02          1.00000E+09
     8     11      7      0               994.52          1.09000E-02          9.97000E+08
     0     12      1      0               964.31          5.03000E-03          9.82000E+08
     1     12      2      0               966.28          6.50000E-03          9.82000E+08
     2     12      3      0               969.09          8.16000E-03          9.83000E+08
     3     12      4      0               972.69          1.36000E-02          1.00000E+09
     4     12      5      0               977.46          3.64000E-04          9.94000E+08
     5     12      6      0               982.73          2.57000E-03          9.72000E+08
     6     12      7      0               988.84          3.58000E-03          9.64000E+08
     1     12      0      0               962.98          1.32000E-02          9.82000E+08
     2     12      1      0               963.61          7.07000E-03          9.83000E+08
     3     12      2      0               965.05          1.58000E-03          1.00000E+09
     4     12      3      0               967.68          2.28000E-02          9.94000E+08
     5     12      4      0               970.84          1.60000E-02          9.72000E+08
     6     12      5      0               974.89          1.42000E-02          9.64000E+08
     7     12      6      0               979.76          1.35000E-02          9.58000E+08
     8     12      7      0               985.44          1.32000E-02          9.51000E+08
     0     13      1      0               955.71          4.23000E-03          9.41000E+08
     1     13      2      0               957.65          4.81000E-03          9.40000E+08
     2     13      3      0               960.45          4.93000E-03          9.39000E+08
     3     13      4      0               964.09          4.99000E-03          9.36000E+08
     4     13      5      0               968.56          5.10000E-03          9.33000E+08
     5     13      6      0               973.83          5.36000E-03          9.30000E+08
     6     13      7      0               979.88          5.96000E-03          9.26000E+08
     1     13      0      0               954.41          1.42000E-02          9.40000E+08
     2     13      1      0               955.07          9.88000E-03          9.39000E+08
     3     13      2      0               956.58          9.21000E-03          9.36000E+08
     4     13      3      0               958.95          8.97000E-03          9.33000E+08
     5     13      4      0               962.15          8.75000E-03          9.30000E+08
     6     13      5      0               966.18          8.32000E-03          9.26000E+08
     7     13      6      0               971.00          7.11000E-03          9.25000E+08
     8     13      7      0               976.47          1.92000E-03          9.60000E+08
     0     14      1      0               947.51          3.52000E-03          9.03000E+08
     1     14      2      0               949.35          9.28000E-03          9.71000E+08
     2     14      3      0               952.27          6.58000E-04          9.27000E+08
     3     14      4      0               955.85          1.69000E-03          9.07000E+08
     4     14      5      0               960.27          2.24000E-03          8.99000E+08
     5     14      6      0               965.48          2.61000E-03          8.94000E+08
     6     14      7      0               971.48          2.93000E-03          8.88000E+08
     1     14      0      0               946.17          1.34000E-03          9.71000E+08
     2     14      1      0               946.98          1.97000E-02          9.27000E+08
     3     14      2      0               948.47          1.29000E-02          9.07000E+08
     4     14      3      0               950.82          1.09000E-02          8.99000E+08
     5     14      4      0               954.00          1.00000E-02          8.94000E+08
     6     14      5      0               958.01          9.62000E-03          8.88000E+08
     7     14      6      0               962.82          9.36000E-03          8.83000E+08
     8     14      7      0               968.42          9.14000E-03          8.77000E+08
     0     15      1      0               939.71          2.91000E-03          8.68000E+08
     1     15      2      0               941.60          3.37000E-03          8.67000E+08
     2     15      3      0               944.33          3.53000E-03          8.66000E+08
     3     15      4      0               947.89          3.65000E-03          8.64000E+08
     4     15      5      0               952.25          3.88000E-03          8.62000E+08
     5     15      6      0               957.41          4.35000E-03          8.60000E+08
     6     15      7      0               963.32          5.58000E-03          8.62000E+08
     1     15      0      0               938.47          9.51000E-03          8.67000E+08
     2     15      1      0               939.12          6.56000E-03          8.66000E+08
     3     15      2      0               940.63          6.03000E-03          8.64000E+08
     4     15      3      0               942.96          5.74000E-03          8.62000E+08
     5     15      4      0               946.12          5.33000E-03          8.60000E+08
     6     15      5      0               950.07          4.37000E-03          8.62000E+08
     7     15      6      0               954.70          1.14000E-03          9.02000E+08
     8     15      7      0               960.70          1.36000E-02          8.70000E+08
     0     16      1      0               932.27          2.40000E-03          8.35000E+08
     1     16      2      0               934.14          2.24000E-03          8.36000E+08
     2     16      3      0               936.86          2.05000E-03          8.35000E+08
     3     16      4      0               940.39          1.99000E-03          8.33000E+08
     4     16      5      0               944.72          2.03000E-03          8.30000E+08
     5     16      6      0               949.84          2.14000E-03          8.27000E+08
     6     16      7      0               955.73          2.31000E-03          8.23000E+08
     1     16      0      0               931.06          1.07000E-02          8.36000E+08
     2     16      1      0               931.73          7.53000E-03          8.35000E+08
     3     16      2      0               933.24          6.89000E-03          8.33000E+08
     4     16      3      0               935.58          6.57000E-03          8.30000E+08
     5     16      4      0               938.73          6.38000E-03          8.27000E+08
     6     16      5      0               942.69          6.24000E-03          8.23000E+08
     7     16      6      0               947.43          6.09000E-03          8.18000E+08
     8     16      7      0               952.94          5.85000E-03          8.15000E+08
     0     17      1      0               925.17          1.97000E-03          8.04000E+08
     1     17      2      0               927.02          2.33000E-03          8.04000E+08
     2     17      3      0               929.69          2.51000E-03          8.03000E+08
     3     17      4      0               933.17          2.71000E-03          8.02000E+08
     4     17      5      0               937.44          3.08000E-03          8.02000E+08
     5     17      6      0               942.48          4.01000E-03          8.07000E+08
     6     17      7      0               948.16          7.70000E-03          8.57000E+08
     1     17      0      0               923.98          6.17000E-03          8.04000E+08
     2     17      1      0               924.64          4.16000E-03          8.03000E+08
     3     17      2      0               926.13          3.70000E-03          8.02000E+08
     4     17      3      0               928.44          3.30000E-03          8.02000E+08
     5     17      4      0               931.54          2.53000E-03          8.07000E+08
     6     17      5      0               935.32          4.56000E-04          8.57000E+08
     7     17      6      0               940.49          9.93000E-03          8.29000E+08
     8     17      7      0               945.87          7.40000E-03          7.90000E+08
     0     18      1      0               918.41          1.61000E-03          7.76000E+08
     1     18      2      0               920.24          1.68000E-03          7.76000E+08
     2     18      3      0               922.89          1.62000E-03          7.75000E+08
     3     18      4      0               926.35          1.58000E-03          7.74000E+08
     4     18      5      0               930.61          1.58000E-03          7.72000E+08
     5     18      6      0               935.63          1.66000E-03          7.69000E+08
     6     18      7      0               941.42          1.80000E-03          7.66000E+08
     1     18      0      0               917.25          6.18000E-03          7.76000E+08
     2     18      1      0               917.92          4.43000E-03          7.75000E+08
     3     18      2      0               919.42          4.17000E-03          7.74000E+08
     4     18      3      0               921.73          4.07000E-03          7.72000E+08
     5     18      4      0               924.85          4.00000E-03          7.69000E+08
     6     18      5      0               928.76          3.92000E-03          7.66000E+08
     7     18      6      0               933.44          3.76000E-03          7.64000E+08
     8     18      7      0               938.87          3.39000E-03          7.63000E+08
     0     19      1      0               911.97          1.32000E-03          7.49000E+08
     1     19      2      0               913.77          1.61000E-03          7.49000E+08
     2     19      3      0               916.38          1.83000E-03          7.49000E+08
     3     19      4      0               919.79          2.13000E-03          7.51000E+08
     4     19      5      0               923.96          2.87000E-03          7.60000E+08
     5     19      6      0               928.78          5.63000E-03          8.36000E+08
     6     19      7      0               934.96          4.72000E-06          7.85000E+08
     3     19      2      0               912.95          2.01000E-03          7.51000E+08
     4     19      3      0               915.21          1.35000E-03          7.60000E+08
     5     19      4      0               918.15          4.53000E-05          8.36000E+08
     6     19      5      0               922.48          6.67000E-03          7.85000E+08
     7     19      6      0               927.05          4.99000E-03          7.46000E+08
     8     19      7      0               932.44          4.44000E-03          7.35000E+08
