# Data for C- transitions (Q) 
#  Number of transitions: 303 
#  JU 	 VU 	 JL 	 VL 		 lambda [A] 		 osc strength f 		 Gamma [1/s]
    19      0     19      1              1142.71          7.35000E-02          1.09000E+09
    13      0     13      2              1143.69          7.67000E-02          1.13000E+09
     1      0      1      3              1145.90          3.83000E-02          1.18000E+09
     2      0      2      3              1146.95          3.84000E-02          1.18000E+09
     3      0      3      3              1148.51          3.85000E-02          1.18000E+09
    14      0     14      2              1149.77          7.77000E-02          1.12000E+09
    20      0     20      1              1150.42          7.47000E-02          1.08000E+09
     4      0      4      3              1150.56          3.87000E-02          1.17000E+09
     5      0      5      3              1153.10          3.88000E-02          1.17000E+09
    15      0     15      2              1156.07          7.89000E-02          1.12000E+09
     6      0      6      3              1156.09          3.90000E-02          1.17000E+09
    21      0     21      1              1158.24          7.61000E-02          1.07000E+09
     7      0      7      3              1159.50          3.93000E-02          1.16000E+09
    16      0     16      2              1162.58          8.01000E-02          1.11000E+09
     8      0      8      3              1163.32          3.96000E-02          1.16000E+09
    22      0     22      1              1166.16          7.75000E-02          1.07000E+09
     9      0      9      3              1167.50          3.99000E-02          1.15000E+09
    17      0     17      2              1169.26          8.14000E-02          1.10000E+09
    10      0     10      3              1172.03          4.02000E-02          1.15000E+09
    23      0     23      1              1174.15          7.91000E-02          1.06000E+09
    18      0     18      2              1176.08          8.28000E-02          1.10000E+09
    11      0     11      3              1176.87          4.06000E-02          1.14000E+09
    12      0     12      3              1181.99          4.10000E-02          1.14000E+09
    19      0     19      2              1183.02          8.42000E-02          1.09000E+09
    13      0     13      3              1187.35          4.14000E-02          1.13000E+09
    20      0     20      2              1190.05          8.57000E-02          1.08000E+09
    14      0     14      3              1192.93          4.18000E-02          1.12000E+09
     1      0      1      4              1193.25          1.10000E-02          1.18000E+09
     2      0      2      4              1194.22          1.10000E-02          1.18000E+09
     3      0      3      4              1195.67          1.10000E-02          1.18000E+09
    21      0     21      2              1197.14          8.74000E-02          1.07000E+09
     4      0      4      4              1197.58          1.10000E-02          1.17000E+09
    15      0     15      3              1198.68          4.22000E-02          1.12000E+09
     5      0      5      4              1199.92          1.10000E-02          1.17000E+09
     6      0      6      4              1202.68          1.10000E-02          1.17000E+09
    22      0     22      2              1204.24          8.91000E-02          1.07000E+09
    16      0     16      3              1204.58          4.27000E-02          1.11000E+09
     7      0      7      4              1205.82          1.10000E-02          1.16000E+09
     8      0      8      4              1209.33          1.10000E-02          1.16000E+09
    17      0     17      3              1210.59          4.31000E-02          1.10000E+09
    23      0     23      2              1211.35          9.09000E-02          1.06000E+09
     9      0      9      4              1213.15          1.10000E-02          1.15000E+09
    18      0     18      3              1216.69          4.34000E-02          1.10000E+09
    10      0     10      4              1217.27          1.10000E-02          1.15000E+09
    11      0     11      4              1221.64          1.10000E-02          1.14000E+09
    19      0     19      3              1222.84          4.37000E-02          1.09000E+09
    12      0     12      4              1226.23          1.09000E-02          1.14000E+09
    20      0     20      3              1229.00          4.39000E-02          1.08000E+09
    13      0     13      4              1231.02          1.09000E-02          1.13000E+09
    21      0     21      3              1235.14          4.41000E-02          1.07000E+09
    14      0     14      4              1235.96          1.08000E-02          1.12000E+09
    15      0     15      4              1241.01          1.07000E-02          1.12000E+09
    22      0     22      3              1241.21          4.41000E-02          1.07000E+09
    16      0     16      4              1246.14          1.05000E-02          1.11000E+09
     5      0      5      5              1247.17          1.51000E-03          1.17000E+09
    23      0     23      3              1247.18          4.39000E-02          1.06000E+09
    17      0     17      4              1251.30          1.03000E-02          1.10000E+09
     7      0      7      5              1252.43          1.47000E-03          1.16000E+09
    18      0     18      4              1256.48          1.01000E-02          1.10000E+09
     9      0      9      5              1258.88          1.40000E-03          1.15000E+09
    19      0     19      4              1261.62          9.75000E-03          1.09000E+09
    11      0     11      5              1266.26          1.32000E-03          1.14000E+09
    20      0     20      4              1266.68          9.33000E-03          1.08000E+09
    21      0     21      4              1271.61          8.81000E-03          1.07000E+09
    13      0     13      5              1274.24          1.21000E-03          1.13000E+09
    22      0     22      4              1276.36          8.16000E-03          1.07000E+09
    23      0     23      4              1280.88          7.38000E-03          1.06000E+09
    10      1     10      3              1143.32          4.91000E-02          1.13000E+09
    17      1     17      2              1144.07          7.09000E-04          1.09000E+09
    22      1     22      1              1144.19          3.34000E-02          1.05000E+09
    11      1     11      3              1148.33          4.98000E-02          1.12000E+09
    12      1     12      3              1153.64          5.06000E-02          1.12000E+09
    19      1     19      2              1158.45          7.82000E-04          1.07000E+09
    13      1     13      3              1159.22          5.15000E-02          1.11000E+09
     1      1      1      4              1161.30          6.77000E-02          1.16000E+09
     2      1      2      4              1162.31          6.79000E-02          1.16000E+09
     3      1      3      4              1163.81          6.81000E-02          1.16000E+09
    14      1     14      3              1165.04          5.25000E-02          1.11000E+09
     4      1      4      4              1165.78          6.84000E-02          1.15000E+09
     5      1      5      4              1168.21          6.88000E-02          1.15000E+09
    15      1     15      3              1171.07          5.36000E-02          1.10000E+09
     6      1      6      4              1171.08          6.93000E-02          1.15000E+09
    21      1     21      2              1173.30          9.43000E-04          1.06000E+09
     7      1      7      4              1174.35          6.98000E-02          1.14000E+09
    16      1     16      3              1177.27          5.49000E-02          1.09000E+09
     8      1      8      4              1178.00          7.04000E-02          1.14000E+09
     9      1      9      4              1182.00          7.11000E-02          1.13000E+09
    17      1     17      3              1183.62          5.64000E-02          1.09000E+09
    10      1     10      4              1186.32          7.19000E-02          1.13000E+09
    18      1     18      3              1190.07          5.80000E-02          1.08000E+09
    11      1     11      4              1190.91          7.28000E-02          1.12000E+09
    12      1     12      4              1195.75          7.37000E-02          1.12000E+09
    19      1     19      3              1196.60          6.00000E-02          1.07000E+09
    13      1     13      4              1200.81          7.47000E-02          1.11000E+09
    20      1     20      3              1203.19          6.22000E-02          1.07000E+09
    14      1     14      4              1206.05          7.57000E-02          1.11000E+09
     1      1      1      5              1206.64          3.32000E-02          1.16000E+09
     2      1      2      5              1207.57          3.32000E-02          1.16000E+09
     3      1      3      5              1208.94          3.32000E-02          1.16000E+09
    21      1     21      3              1209.78          6.49000E-02          1.06000E+09
     4      1      4      5              1210.74          3.32000E-02          1.15000E+09
    15      1     15      4              1211.43          7.69000E-02          1.10000E+09
     5      1      5      5              1212.96          3.32000E-02          1.15000E+09
     6      1      6      5              1215.56          3.32000E-02          1.15000E+09
    22      1     22      3              1216.35          6.81000E-02          1.05000E+09
    16      1     16      4              1216.94          7.81000E-02          1.09000E+09
     7      1      7      5              1218.51          3.32000E-02          1.14000E+09
     8      1      8      5              1221.80          3.32000E-02          1.14000E+09
    17      1     17      4              1222.50          7.93000E-02          1.09000E+09
     9      1      9      5              1225.37          3.31000E-02          1.13000E+09
    18      1     18      4              1228.10          8.06000E-02          1.08000E+09
    10      1     10      5              1229.22          3.31000E-02          1.13000E+09
    11      1     11      5              1233.27          3.30000E-02          1.12000E+09
    19      1     19      4              1233.71          8.19000E-02          1.07000E+09
    12      1     12      5              1237.51          3.28000E-02          1.12000E+09
    20      1     20      4              1239.28          8.33000E-02          1.07000E+09
    13      1     13      5              1241.91          3.26000E-02          1.11000E+09
    21      1     21      4              1244.75          8.45000E-02          1.06000E+09
    14      1     14      5              1246.41          3.23000E-02          1.11000E+09
    22      1     22      4              1250.09          8.57000E-02          1.05000E+09
    15      1     15      5              1250.98          3.19000E-02          1.10000E+09
     1      1      1      6              1252.09          6.48000E-03          1.16000E+09
     3      1      3      6              1254.11          6.39000E-03          1.16000E+09
    16      1     16      5              1255.59          3.13000E-02          1.09000E+09
     5      1      5      6              1257.63          6.22000E-03          1.15000E+09
     6      1      6      6              1259.89          6.11000E-03          1.15000E+09
    17      1     17      5              1260.17          3.06000E-02          1.09000E+09
     7      1      7      6              1262.45          5.97000E-03          1.14000E+09
    18      1     18      5              1264.69          2.96000E-02          1.08000E+09
     8      1      8      6              1265.27          5.81000E-03          1.14000E+09
     9      1      9      6              1268.31          5.63000E-03          1.13000E+09
    19      1     19      5              1269.12          2.84000E-02          1.07000E+09
    10      1     10      6              1271.55          5.41000E-03          1.13000E+09
    20      1     20      5              1273.38          2.68000E-02          1.07000E+09
    11      1     11      6              1274.92          5.17000E-03          1.12000E+09
    21      1     21      5              1277.42          2.48000E-02          1.06000E+09
    12      1     12      6              1278.40          4.89000E-03          1.12000E+09
    22      1     22      5              1281.16          2.23000E-02          1.05000E+09
    13      1     13      6              1281.95          4.57000E-03          1.11000E+09
    14      1     14      6              1285.53          4.21000E-03          1.11000E+09
    15      1     15      6              1289.07          3.81000E-03          1.10000E+09
    17      1     17      6              1295.89          2.85000E-03          1.09000E+09
    19      1     19      6              1301.95          1.75000E-03          1.07000E+09
    14      2     14      3              1140.11          1.69000E-02          1.09000E+09
     6      2      6      4              1142.83          8.86000E-03          1.13000E+09
    20      2     20      2              1144.25          2.32000E-02          1.05000E+09
     7      2      7      4              1146.21          9.07000E-03          1.12000E+09
    15      2     15      3              1146.39          1.70000E-02          1.08000E+09
     8      2      8      4              1149.99          9.31000E-03          1.12000E+09
    21      2     21      2              1152.09          2.34000E-02          1.05000E+09
    16      2     16      3              1152.87          1.71000E-02          1.08000E+09
     9      2      9      4              1154.15          9.60000E-03          1.12000E+09
    10      2     10      4              1158.65          9.93000E-03          1.11000E+09
    17      2     17      3              1159.52          1.70000E-02          1.07000E+09
    22      2     22      2              1160.03          2.36000E-02          1.04000E+09
    11      2     11      4              1163.44          1.03000E-02          1.11000E+09
    18      2     18      3              1166.32          1.70000E-02          1.07000E+09
    12      2     12      4              1168.51          1.08000E-02          1.10000E+09
    19      2     19      3              1173.22          1.68000E-02          1.06000E+09
    13      2     13      4              1173.83          1.13000E-02          1.10000E+09
     1      2      1      5              1175.83          6.66000E-02          1.14000E+09
     2      2      2      5              1176.79          6.68000E-02          1.14000E+09
     3      2      3      5              1178.22          6.72000E-02          1.14000E+09
    14      2     14      4              1179.35          1.19000E-02          1.09000E+09
     4      2      4      5              1180.11          6.77000E-02          1.13000E+09
    20      2     20      3              1180.21          1.65000E-02          1.05000E+09
     5      2      5      5              1182.42          6.84000E-02          1.13000E+09
    15      2     15      4              1185.04          1.27000E-02          1.08000E+09
     6      2      6      5              1185.14          6.92000E-02          1.13000E+09
    21      2     21      3              1187.24          1.60000E-02          1.05000E+09
     7      2      7      5              1188.25          7.01000E-02          1.12000E+09
    16      2     16      4              1190.88          1.36000E-02          1.08000E+09
     8      2      8      5              1191.70          7.12000E-02          1.12000E+09
    22      2     22      3              1194.30          1.54000E-02          1.04000E+09
     9      2      9      5              1195.47          7.24000E-02          1.12000E+09
    17      2     17      4              1196.82          1.47000E-02          1.07000E+09
    10      2     10      5              1199.53          7.37000E-02          1.11000E+09
    18      2     18      4              1202.83          1.61000E-02          1.07000E+09
    11      2     11      5              1203.84          7.53000E-02          1.11000E+09
    12      2     12      5              1208.36          7.70000E-02          1.10000E+09
    19      2     19      4              1208.87          1.79000E-02          1.06000E+09
    13      2     13      5              1213.07          7.90000E-02          1.10000E+09
    20      2     20      4              1214.91          2.02000E-02          1.05000E+09
    14      2     14      5              1217.91          8.11000E-02          1.09000E+09
     1      2      1      6              1218.95          5.84000E-02          1.14000E+09
     2      2      2      6              1219.81          5.84000E-02          1.14000E+09
    21      2     21      4              1220.90          2.31000E-02          1.05000E+09
     3      2      3      6              1221.09          5.84000E-02          1.14000E+09
     4      2      4      6              1222.77          5.85000E-02          1.13000E+09
    15      2     15      5              1222.85          8.36000E-02          1.08000E+09
     5      2      5      6              1224.84          5.86000E-02          1.13000E+09
    22      2     22      4              1226.81          2.70000E-02          1.04000E+09
     6      2      6      6              1227.25          5.87000E-02          1.13000E+09
    16      2     16      5              1227.87          8.64000E-02          1.08000E+09
     7      2      7      6              1229.99          5.88000E-02          1.12000E+09
    17      2     17      5              1232.89          8.94000E-02          1.07000E+09
     8      2      8      6              1233.01          5.88000E-02          1.12000E+09
     9      2      9      6              1236.30          5.88000E-02          1.12000E+09
    18      2     18      5              1237.91          9.29000E-02          1.07000E+09
    10      2     10      6              1239.81          5.88000E-02          1.11000E+09
    19      2     19      5              1242.85          9.68000E-02          1.06000E+09
    11      2     11      6              1243.49          5.87000E-02          1.11000E+09
    12      2     12      6              1247.32          5.86000E-02          1.10000E+09
    20      2     20      5              1247.67          1.01000E-01          1.05000E+09
    13      2     13      6              1251.25          5.83000E-02          1.10000E+09
    21      2     21      5              1252.32          1.06000E-01          1.05000E+09
    14      2     14      6              1255.24          5.78000E-02          1.09000E+09
    22      2     22      5              1256.72          1.11000E-01          1.04000E+09
    15      2     15      6              1259.23          5.71000E-02          1.08000E+09
     1      2      1      7              1261.64          1.53000E-02          1.14000E+09
     2      2      2      7              1262.38          1.52000E-02          1.14000E+09
    16      2     16      6              1263.19          5.60000E-02          1.08000E+09
     3      2      3      7              1263.47          1.50000E-02          1.14000E+09
     4      2      4      7              1264.90          1.48000E-02          1.13000E+09
     5      2      5      7              1266.64          1.45000E-02          1.13000E+09
    17      2     17      6              1267.06          5.45000E-02          1.07000E+09
     6      2      6      7              1268.66          1.42000E-02          1.13000E+09
    18      2     18      6              1270.80          5.24000E-02          1.07000E+09
     7      2      7      7              1270.93          1.38000E-02          1.12000E+09
     8      2      8      7              1273.42          1.33000E-02          1.12000E+09
    19      2     19      6              1274.32          4.95000E-02          1.06000E+09
     9      2      9      7              1276.09          1.28000E-02          1.12000E+09
    20      2     20      6              1277.57          4.56000E-02          1.05000E+09
    10      2     10      7              1278.90          1.21000E-02          1.11000E+09
    21      2     21      6              1280.45          4.04000E-02          1.05000E+09
    11      2     11      7              1281.80          1.14000E-02          1.11000E+09
    22      2     22      6              1282.84          3.36000E-02          1.04000E+09
    12      2     12      7              1284.75          1.06000E-02          1.10000E+09
    13      2     13      7              1287.70          9.60000E-03          1.10000E+09
    14      2     14      7              1290.61          8.52000E-03          1.09000E+09
    15      2     15      7              1293.40          7.33000E-03          1.08000E+09
    16      2     16      7              1296.03          6.02000E-03          1.08000E+09
    17      2     17      7              1298.43          4.63000E-03          1.07000E+09
    19      2     19      7              1302.19          1.84000E-03          1.06000E+09
    12      3     12      4              1144.17          2.96000E-02          1.09000E+09
    13      3     13      4              1149.72          2.98000E-02          1.08000E+09
    14      3     14      4              1155.51          3.00000E-02          1.08000E+09
    15      3     15      4              1161.50          3.01000E-02          1.07000E+09
    16      3     16      4              1167.66          3.03000E-02          1.07000E+09
    17      3     17      4              1173.96          3.04000E-02          1.06000E+09
    18      3     18      4              1180.37          3.04000E-02          1.06000E+09
    19      3     19      4              1186.84          3.03000E-02          1.05000E+09
     1      3      1      6              1189.37          4.51000E-02          1.12000E+09
     2      3      2      6              1190.28          4.54000E-02          1.12000E+09
     3      3      3      6              1191.62          4.60000E-02          1.12000E+09
    20      3     20      4              1193.37          3.02000E-02          1.05000E+09
     4      3      4      6              1193.40          4.67000E-02          1.12000E+09
     5      3      5      6              1195.57          4.76000E-02          1.11000E+09
     6      3      6      6              1198.12          4.86000E-02          1.11000E+09
    21      3     21      4              1199.86          2.98000E-02          1.04000E+09
     7      3      7      6              1201.03          5.00000E-02          1.11000E+09
     8      3      8      6              1204.25          5.15000E-02          1.10000E+09
     9      3      9      6              1207.75          5.33000E-02          1.10000E+09
    10      3     10      6              1211.51          5.54000E-02          1.10000E+09
    11      3     11      6              1215.47          5.78000E-02          1.09000E+09
    12      3     12      6              1219.62          6.06000E-02          1.09000E+09
    13      3     13      6              1223.89          6.38000E-02          1.08000E+09
    14      3     14      6              1228.26          6.76000E-02          1.08000E+09
     1      3      1      7              1229.98          7.85000E-02          1.12000E+09
    21      3     21      5              1230.18          3.78000E-03          1.04000E+09
     2      3      2      7              1230.77          7.87000E-02          1.12000E+09
     3      3      3      7              1231.95          7.89000E-02          1.12000E+09
    15      3     15      6              1232.68          7.21000E-02          1.07000E+09
     4      3      4      7              1233.49          7.92000E-02          1.12000E+09
     5      3      5      7              1235.37          7.95000E-02          1.11000E+09
    16      3     16      6              1237.10          7.73000E-02          1.07000E+09
     6      3      6      7              1237.56          7.99000E-02          1.11000E+09
     7      3      7      7              1240.04          8.03000E-02          1.11000E+09
    17      3     17      6              1241.48          8.34000E-02          1.06000E+09
     8      3      8      7              1242.76          8.08000E-02          1.10000E+09
     9      3      9      7              1245.70          8.13000E-02          1.10000E+09
    18      3     18      6              1245.75          9.07000E-02          1.06000E+09
    10      3     10      7              1248.81          8.17000E-02          1.10000E+09
    19      3     19      6              1249.87          9.91000E-02          1.05000E+09
    11      3     11      7              1252.05          8.20000E-02          1.09000E+09
    20      3     20      6              1253.77          1.09000E-01          1.05000E+09
    12      3     12      7              1255.38          8.22000E-02          1.09000E+09
    21      3     21      6              1257.32          1.20000E-01          1.04000E+09
    13      3     13      7              1258.75          8.22000E-02          1.08000E+09
    14      3     14      7              1262.11          8.18000E-02          1.08000E+09
    15      3     15      7              1265.40          8.09000E-02          1.07000E+09
    16      3     16      7              1268.58          7.92000E-02          1.07000E+09
     1      3      1      8              1269.60          2.69000E-02          1.12000E+09
     2      3      2      8              1270.25          2.67000E-02          1.12000E+09
     3      3      3      8              1271.20          2.64000E-02          1.12000E+09
    17      3     17      7              1271.57          7.65000E-02          1.06000E+09
     4      3      4      8              1272.44          2.59000E-02          1.12000E+09
     5      3      5      8              1273.95          2.53000E-02          1.11000E+09
    18      3     18      7              1274.29          7.23000E-02          1.06000E+09
     6      3      6      8              1275.69          2.45000E-02          1.11000E+09
    19      3     19      7              1276.66          6.59000E-02          1.05000E+09
     7      3      7      8              1277.63          2.36000E-02          1.11000E+09
    20      3     20      7              1278.58          5.66000E-02          1.05000E+09
     8      3      8      8              1279.73          2.26000E-02          1.10000E+09
     9      3      9      8              1281.95          2.13000E-02          1.10000E+09
    10      3     10      8              1284.25          1.98000E-02          1.10000E+09
    11      3     11      8              1286.57          1.81000E-02          1.09000E+09
    12      3     12      8              1288.87          1.62000E-02          1.09000E+09
    13      3     13      8              1291.09          1.40000E-02          1.08000E+09
    14      3     14      8              1293.17          1.16000E-02          1.08000E+09
    15      3     15      8              1295.03          9.00000E-03          1.07000E+09
    16      3     16      8              1296.60          6.28000E-03          1.07000E+09
    17      3     17      8              1297.78          3.65000E-03          1.06000E+09
