# Data for B+ states 
#  J 	 v 		 E(v,J) [1/cm] 			 Ac [1/s] 			 mean Ekin [eV]
    0     0     9.0203531240E+04     7.2767549738E+00     6.0178589591E-02
    0     1     9.1521987710E+04     1.1738335977E+02     1.9046002452E-01
    0     2     9.2803491060E+04     2.1443291949E+04     8.0262158915E-02
    0     3     9.4050229750E+04     2.0585342871E+05     6.3630417215E-02
    0     4     9.5263253370E+04     1.9180577065E+06     1.3894451875E-01
    0     5     9.6443261510E+04     2.4444851986E+07     6.5368895154E-02
    0     6     9.7590769690E+04     4.0680326952E+07     1.6599484660E-01
    0     7     9.8706234200E+04     2.5642595397E+08     1.0592066389E-01
    0     8     9.9790127140E+04     3.5548255045E+08     1.5459423733E-01
    0     9     1.0084291401E+05     4.6431319441E+08     2.1896094763E-01
    0    10     1.0186508142E+05     4.4026671879E+08     3.2316297779E-01
    0    11     1.0285713672E+05     4.1677743635E+08     4.2259041171E-01
    0    12     1.0381959312E+05     5.1384378381E+08     4.0771190938E-01
    0    13     1.0475296999E+05     4.8101002899E+08     5.0329960508E-01
    0    14     1.0565779921E+05     4.8744410288E+08     5.5569784406E-01
    0    15     1.0653460635E+05     4.8633215236E+08     6.0766897363E-01
    0    16     1.0738389085E+05     4.6412617757E+08     6.8353496136E-01
    0    17     1.0820615513E+05     4.8756273939E+08     6.9124522532E-01
    0    18     1.0900187251E+05     4.7395663217E+08     7.5013225660E-01
    0    19     1.0977148395E+05     4.7667440612E+08     7.8011689133E-01
    0    20     1.1051540154E+05     4.6297102990E+08     8.3359571015E-01
    0    21     1.1123397165E+05     4.5149476891E+08     8.7992724629E-01
    0    22     1.1192748444E+05     4.4436238937E+08     9.1384978078E-01
    0    23     1.1259613243E+05     4.3689372169E+08     9.4493352319E-01
    0    24     1.1324000817E+05     4.3800822757E+08     9.5374397978E-01
    0    25     1.1385904063E+05     4.3703684875E+08     9.6286706526E-01
    0    26     1.1445292549E+05     4.4131693214E+08     9.5618708911E-01
    0    27     1.1502104516E+05     4.4482757610E+08     9.4670628204E-01
    0    28     1.1556240090E+05     4.5379545134E+08     9.2036805610E-01
    0    29     1.1607540017E+05     4.6744232469E+08     8.7957105360E-01
    0    30     1.1655746946E+05     4.8622025478E+08     8.2258033653E-01
    0    31     1.1700459520E+05     5.0902468726E+08     7.5117063839E-01
    0    32     1.1741071468E+05     5.4080334131E+08     6.5828090640E-01
    0    33     1.1776631966E+05     5.8535755436E+08     5.3820856814E-01
    0    34     1.1805535667E+05     6.5522159058E+08     3.8220790629E-01
    0    35     1.1825310043E+05     7.6500655247E+08     1.9520504945E-01
    0    36     1.1833889404E+05     6.6634128405E+08     3.4026271803E-02
    0    37     1.1836359841E+05     9.7158684957E+08     2.0834001279E-02
    1     0     9.0242386530E+04     8.0287982725E+00     6.6871476554E-02
    1     1     9.1558910130E+04     1.3347740275E+02     1.7084241342E-01
    1     2     9.2838776490E+04     2.1756147131E+04     8.4438128888E-02
    1     3     9.4084075420E+04     2.3636161567E+05     6.2398917460E-02
    1     4     9.5295785060E+04     1.8538006991E+06     1.4522275105E-01
    1     5     9.6474574180E+04     2.5535407346E+07     6.7781394682E-02
    1     6     9.7620927260E+04     4.3358347870E+07     1.5800799707E-01
    1     7     9.8735220090E+04     2.5359527524E+08     1.1052176334E-01
    1     8     9.9818244260E+04     3.6749359338E+08     1.5261039201E-01
    1     9     1.0086988425E+05     4.6293687246E+08     2.2232049615E-01
    1    10     1.0189147106E+05     4.3946646953E+08     3.2597967273E-01
    1    11     1.0288232892E+05     4.1719876865E+08     4.2407166344E-01
    1    12     1.0384470546E+05     5.1038565227E+08     4.1143676683E-01
    1    13     1.0477656454E+05     4.7924660470E+08     5.0701236386E-01
    1    14     1.0568942214E+05     3.3554264329E+08     5.6015918589E-01
    1    15     1.0655675837E+05     4.8536776773E+08     6.1011182209E-01
    1    16     1.0740425724E+05     4.6011585933E+08     6.8668249779E-01
    1    17     1.0822698735E+05     4.8740977805E+08     6.9250246704E-01
    1    18     1.0902137900E+05     4.7224968105E+08     7.5287334815E-01
    1    19     1.0979114511E+05     4.7534366806E+08     7.8265453134E-01
    1    20     1.1053380077E+05     4.6167620358E+08     8.3612676102E-01
    1    21     1.1125269891E+05     4.4908395069E+08     8.8260181028E-01
    1    22     1.1194475349E+05     4.4385632254E+08     9.1487529058E-01
    1    23     1.1261494175E+05     4.2587869068E+08     9.4636016646E-01
    1    24     1.1325614907E+05     4.3798434039E+08     9.5361636801E-01
    1    25     1.1387106072E+05     4.0652023152E+08     9.5793309213E-01
    1    26     1.1446791732E+05     4.4138368827E+08     9.5569364939E-01
    1    27     1.1503423849E+05     4.4151062756E+08     9.4522728834E-01
    1    28     1.1557615911E+05     4.5332981237E+08     9.2059923843E-01
    1    29     1.1608763011E+05     4.6678724997E+08     8.7676641398E-01
    1    30     1.1656977035E+05     4.8567079063E+08     8.2217680888E-01
    1    31     1.1701529304E+05     5.0805285272E+08     7.4911456472E-01
    1    32     1.1742104133E+05     5.4086862929E+08     6.5634740322E-01
    1    33     1.1777469207E+05     5.8570498812E+08     5.3410244620E-01
    1    34     1.1806245904E+05     6.5482490087E+08     3.7935754761E-01
    1    35     1.1825739868E+05     7.6260267658E+08     1.9197169327E-01
    1    36     1.1833848227E+05     8.0398643771E+08     5.0253019983E-02
    1    37     1.1836471157E+05     9.9914399839E+08     2.0573991635E-02
    2     0     9.0319707980E+04     9.5858114853E+00     6.8419647415E-02
    2     1     9.1632398150E+04     1.8609486161E+02     1.3212466622E-01
    2     2     9.2909010140E+04     2.2065555738E+04     9.2650433201E-02
    2     3     9.4151431870E+04     3.0490159313E+05     6.1610012213E-02
    2     4     9.5360519060E+04     1.7650066296E+06     1.5506899382E-01
    2     5     9.6536870470E+04     2.7497904970E+07     7.2839495093E-02
    2     6     9.7680918270E+04     5.0611913948E+07     1.4096523714E-01
    2     7     9.8792922070E+04     2.4687236699E+08     1.2003407177E-01
    2     8     9.9874179480E+04     3.9150722497E+08     1.4951261472E-01
    2     9     1.0092356022E+05     4.6169785241E+08     2.2832357089E-01
    2    10     1.0194401809E+05     4.3837261461E+08     3.3106115394E-01
    2    11     1.0293243819E+05     4.2061421782E+08     4.2457795425E-01
    2    12     1.0389528509E+05     4.9944033468E+08     4.1901195885E-01
    2    13     1.0482347633E+05     4.7614250482E+08     5.1406141768E-01
    2    14     1.0571753780E+05     4.1625939994E+08     5.7169575291E-01
    2    15     1.0660075959E+05     4.8329115304E+08     6.1523018841E-01
    2    16     1.0744550571E+05     4.5591594562E+08     6.9311984928E-01
    2    17     1.0826838154E+05     4.8671915558E+08     6.9548965677E-01
    2    18     1.0906031803E+05     4.6924806260E+08     7.5882124277E-01
    2    19     1.0983027256E+05     4.7215972344E+08     7.8803308602E-01
    2    20     1.1057039071E+05     4.5939057595E+08     8.4112222487E-01
    2    21     1.1129031355E+05     4.4207897920E+08     8.8798035086E-01
    2    22     1.1197903605E+05     4.4331948474E+08     9.1620132721E-01
    2    23     1.1265728861E+05     3.4738844539E+08     9.4861581324E-01
    2    24     1.1328816139E+05     4.3858725116E+08     9.5208347573E-01
    2    25     1.1390030592E+05     4.1477137265E+08     9.6079578977E-01
    2    26     1.1449763672E+05     4.4225722881E+08     9.5311637185E-01
    2    27     1.1506121443E+05     4.3996187137E+08     9.4355004115E-01
    2    28     1.1560342829E+05     4.5309344695E+08     9.1943115790E-01
    2    29     1.1611222754E+05     4.6678773149E+08     8.7300245237E-01
    2    30     1.1659414030E+05     4.8660036400E+08     8.1764374551E-01
    2    31     1.1703673429E+05     5.0934668767E+08     7.4307768516E-01
    2    32     1.1744146398E+05     5.4438732271E+08     6.4821004986E-01
    2    33     1.1779147755E+05     5.9042855279E+08     5.2463922686E-01
    2    34     1.1807641981E+05     6.6313011327E+08     3.6837158012E-01
    2    35     1.1826577249E+05     7.8039081795E+08     1.8011000362E-01
    2    36     1.1834226147E+05     9.2685189567E+08     4.5527492772E-02
    2    37     1.1836606207E+05     1.0328862993E+09     2.2013049820E-02
    3     0     9.0434770260E+04     1.2159040118E+01     7.3580885042E-02
    3     1     9.1741833400E+04     3.4067882631E+02     9.0136441084E-02
    3     2     9.3013659210E+04     2.1819787565E+04     1.0570763645E-01
    3     3     9.4251824630E+04     4.2872067774E+05     6.2359542560E-02
    3     4     9.5457032440E+04     1.8121677670E+06     1.5530785863E-01
    3     5     9.6629777310E+04     2.9760886852E+07     8.1042328901E-02
    3     6     9.7770417530E+04     6.7262275836E+07     1.1641381612E-01
    3     7     9.8879110530E+04     2.3575209846E+08     1.3459529424E-01
    3     8     9.9957715970E+04     4.2573754686E+08     1.4706285848E-01
    3     9     1.0100379497E+05     4.6384812788E+08     2.3532587243E-01
    3    10     1.0202287116E+05     4.3753332025E+08     3.3712887306E-01
    3    11     1.0300736720E+05     4.3466680024E+08     4.1706762229E-01
    3    12     1.0397649514E+05     4.3212083326E+08     4.2984251928E-01
    3    13     1.0489363193E+05     4.7413271435E+08     5.2182498731E-01
    3    14     1.0578743387E+05     4.5150988404E+08     5.8395162402E-01
    3    15     1.0666662690E+05     4.7955021261E+08     6.2373273416E-01
    3    16     1.0750807547E+05     4.5332984759E+08     7.0116416690E-01
    3    17     1.0833044454E+05     4.8355228934E+08     7.0254896017E-01
    3    18     1.0911892613E+05     4.6489563398E+08     7.6889514960E-01
    3    19     1.0988930374E+05     4.6422253885E+08     7.9865688293E-01
    3    20     1.1062532020E+05     4.5535722649E+08     8.5035362006E-01
    3    21     1.1134921741E+05     4.1477389985E+08     8.9866240281E-01
    3    22     1.1203045382E+05     4.4190001073E+08     9.1975587338E-01
    3    23     1.1267855407E+05     3.3167445773E+08     9.5500143337E-01
    3    24     1.1333617376E+05     4.3894675721E+08     9.5098210083E-01
    3    25     1.1394574802E+05     4.2082681614E+08     9.6690695893E-01
    3    26     1.1454224455E+05     4.4273348351E+08     9.5063359600E-01
    3    27     1.1510250741E+05     4.3849175809E+08     9.4695500923E-01
    3    28     1.1564441473E+05     4.5029733971E+08     9.2142079478E-01
    3    29     1.1614957572E+05     4.6506344539E+08     8.7438555743E-01
    3    30     1.1663079942E+05     4.8632213808E+08     8.1213132848E-01
    3    31     1.1706920169E+05     5.1205239898E+08     7.3564178505E-01
    3    32     1.1747212275E+05     5.4849010218E+08     6.3633921070E-01
    3    33     1.1781681328E+05     5.9217988800E+08     5.1707902851E-01
    3    34     1.1809717695E+05     6.6714059882E+08     3.5588430549E-01
    3    35     1.1827789287E+05     7.9645805714E+08     1.6518195198E-01
    3    36     1.1834721178E+05     9.8611500620E+08     3.9121170209E-02
    3    37     1.1836929896E+05     1.0796301587E+09     1.8464643340E-02
    4     0     9.0586501120E+04     1.5929993903E+01     7.9533980478E-02
    4     1     9.1886284290E+04     8.2975688923E+02     5.9783377721E-02
    4     2     9.3151890170E+04     2.0918463134E+04     1.2307263077E-01
    4     3     9.4384499260E+04     6.4790158967E+05     6.2933544371E-02
    4     4     9.5584635520E+04     2.7193151574E+06     1.1329092243E-01
    4     5     9.6752658240E+04     3.1118229713E+07     9.3647627901E-02
    4     6     9.7888842020E+04     1.0624782378E+08     8.8497003657E-02
    4     7     9.8993271500E+04     2.3107060369E+08     1.4775632210E-01
    4     8     1.0006850127E+05     4.6233746756E+08     1.4800133707E-01
    4     9     1.0111017260E+05     4.7455865006E+08     2.4059354373E-01
    4    10     1.0212941913E+05     4.2981708061E+08     3.4234760637E-01
    4    11     1.0310677280E+05     4.8293447132E+08     3.8405349420E-01
    4    12     1.0404622417E+05     4.3032196128E+08     4.3170222787E-01
    4    13     1.0498677771E+05     4.8786056225E+08     5.1445423225E-01
    4    14     1.0587819688E+05     4.7749050733E+08     5.7123404594E-01
    4    15     1.0675419791E+05     4.8059262389E+08     6.2702638203E-01
    4    16     1.0759170596E+05     4.7241820802E+08     6.7961769140E-01
    4    17     1.0841333036E+05     4.8161345496E+08     7.0665327234E-01
    4    18     1.0919708594E+05     4.7139031767E+08     7.6314894800E-01
    4    19     1.0996978365E+05     4.5088927013E+08     8.0177028113E-01
    4    20     1.1069848696E+05     4.5480012964E+08     8.5415751780E-01
    4    21     1.1144648454E+05     2.5136792936E+08     8.9683951216E-01
    4    22     1.1209893404E+05     4.4108704653E+08     9.2234732589E-01
    4    23     1.1275086731E+05     4.0723246398E+08     9.4902686448E-01
    4    24     1.1340018218E+05     4.3864532484E+08     9.5065580197E-01
    4    25     1.1400661586E+05     4.3002270336E+08     9.5931921602E-01
    4    26     1.1460186979E+05     4.4077233116E+08     9.5089983977E-01
    4    27     1.1515796790E+05     4.4475023827E+08     9.3629953128E-01
    4    28     1.1569944151E+05     4.4650799457E+08     9.1935152214E-01
    4    29     1.1619960155E+05     4.6604179500E+08     8.7171519634E-01
    4    30     1.1668020939E+05     4.9331332637E+08     7.8649200777E-01
    4    31     1.1711257768E+05     5.1468475362E+08     7.2852778246E-01
    4    32     1.1751336853E+05     5.5389722424E+08     6.1569133822E-01
    4    33     1.1785042323E+05     6.0115268358E+08     5.0192367465E-01
    4    34     1.1812488632E+05     6.8676052281E+08     3.2818061132E-01
    4    35     1.1829309193E+05     8.1274874265E+08     1.4658844332E-01
    4    36     1.1835314266E+05     1.0249801167E+09     3.2881288943E-02
    4    37     1.1837378409E+05     8.9036725388E+08     1.5680643788E-02
    5     0     9.0773521670E+04     1.8137511783E+01     9.5621957065E-02
    5     1     9.2064548360E+04     1.3976771966E+03     6.6628419349E-02
    5     2     9.3322604170E+04     2.1936643147E+04     1.3130006539E-01
    5     3     9.4548475740E+04     7.7318579640E+05     7.8023028578E-02
    5     4     9.5742427550E+04     3.9682308799E+06     9.6781463711E-02
    5     5     9.6904680090E+04     3.0365746511E+07     1.1249427247E-01
    5     6     9.8035421040E+04     1.2927934793E+08     9.2610002295E-02
    5     7     9.9134684610E+04     2.3449323157E+08     1.5792729606E-01
    5     8     1.0020656800E+05     4.6495627665E+08     1.6128796883E-01
    5     9     1.0124208196E+05     4.7061772805E+08     2.5548057686E-01
    5    10     1.0222461714E+05     2.7390808757E+08     3.5543005511E-01
    5    11     1.0323015285E+05     4.9148079402E+08     3.8832948813E-01
    5    12     1.0417290116E+05     4.8797005555E+08     4.4756889544E-01
    5    13     1.0510255219E+05     4.8204491115E+08     5.2925058426E-01
    5    14     1.0599026588E+05     4.7855323133E+08     5.8305604558E-01
    5    15     1.0686343520E+05     4.7501861065E+08     6.3878948154E-01
    5    16     1.0769587732E+05     4.7190440947E+08     6.8886026011E-01
    5    17     1.0851822267E+05     4.6827821128E+08     7.1756237218E-01
    5    18     1.0929446483E+05     4.6672041000E+08     7.7702167360E-01
    5    19     1.1008334574E+05     3.4507976349E+08     8.1374037535E-01
    5    20     1.1078967197E+05     4.5018304414E+08     8.6627102171E-01
    5    21     1.1148220218E+05     3.9561861557E+08     9.0173245863E-01
    5    22     1.1218438782E+05     4.3885300003E+08     9.2742873393E-01
    5    23     1.1283473679E+05     4.2213764971E+08     9.5513500907E-01
    5    24     1.1348034569E+05     4.3670345983E+08     9.5085130237E-01
    5    25     1.1408239713E+05     4.3216703814E+08     9.6365342012E-01
    5    26     1.1467717503E+05     4.3303517751E+08     9.5377128245E-01
    5    27     1.1522723636E+05     4.4383191152E+08     9.4111761129E-01
    5    28     1.1577010238E+05     4.3493720426E+08     9.0678044862E-01
    5    29     1.1626202369E+05     4.6422902767E+08     8.7400047929E-01
    5    30     1.1674490460E+05     5.0495958264E+08     7.1616511982E-01
    5    31     1.1716655048E+05     5.1620472966E+08     7.2226209373E-01
    5    32     1.1756765770E+05     5.6374906072E+08     5.5635670417E-01
    5    33     1.1789181248E+05     6.0949388528E+08     4.8531013210E-01
    5    34     1.1816324119E+05     7.1149851827E+08     2.6046576808E-01
    5    35     1.1831044015E+05     8.3314450222E+08     1.2374235429E-01
    5    36     1.1835971722E+05     1.0555520746E+09     2.7103678007E-02
    6     0     9.0994186980E+04     2.2288559073E+01     1.0189213340E-01
    6     1     9.2275183960E+04     2.4602460279E+03     7.3174175205E-02
    6     2     9.3524539090E+04     3.0372836338E+04     1.1725751206E-01
    6     3     9.4742570110E+04     9.6369055258E+05     8.7284962154E-02
    6     4     9.5929313090E+04     6.5835227210E+06     8.6096996728E-02
    6     5     9.7084827680E+04     3.1234086630E+07     1.2528588253E-01
    6     6     9.8209207600E+04     1.6657609436E+08     9.4393651089E-02
    6     7     9.9302453030E+04     2.5899442214E+08     1.5902756675E-01
    6     8     1.0038814447E+05     2.7635048439E+08     1.7600746113E-01
    6     9     1.0139874738E+05     4.7050275751E+08     2.7046475922E-01
    6    10     1.0239553402E+05     4.2889004740E+08     3.6873058697E-01
    6    11     1.0337689448E+05     5.2405331291E+08     3.7704390306E-01
    6    12     1.0431653483E+05     4.9743229807E+08     4.6000203828E-01
    6    13     1.0524067011E+05     4.9077294459E+08     5.2861310713E-01
    6    14     1.0612321634E+05     4.9330694898E+08     5.7759295876E-01
    6    15     1.0699523691E+05     4.6795438660E+08     6.4586235899E-01
    6    16     1.0781997090E+05     4.8867538887E+08     6.7488421684E-01
    6    17     1.0865502829E+05     3.8732393912E+08     7.2905964040E-01
    6    18     1.0941062346E+05     4.7267073872E+08     7.7418957037E-01
    6    19     1.1014449977E+05     3.9575948671E+08     8.2257642057E-01
    6    20     1.1089863754E+05     4.4959074034E+08     8.7030041293E-01
    6    21     1.1159264388E+05     4.3147460193E+08     9.0180715676E-01
    6    22     1.1228695915E+05     4.3562406950E+08     9.3110370282E-01
    6    23     1.1293302746E+05     4.3396045418E+08     9.4553558020E-01
    6    24     1.1357775419E+05     4.2806242355E+08     9.5120806044E-01
    6    25     1.1417264425E+05     4.3930745955E+08     9.5463796796E-01
    6    26     1.1477202164E+05     4.0090007747E+08     9.5146679717E-01
    6    27     1.1530990943E+05     4.4398978256E+08     9.4261545847E-01
    6    28     1.1586716956E+05     3.8241036457E+08     7.7886318335E-01
    6    29     1.1633649971E+05     4.6699260261E+08     8.6630670457E-01
    6    30     1.1676605782E+05     4.6489836677E+08     5.1495832132E-01
    6    31     1.1723074072E+05     5.2695654260E+08     7.0176544096E-01
    6    32     1.1758945041E+05     6.5144131932E+08     3.8237953852E-01
    6    33     1.1794037672E+05     6.1893733905E+08     4.6494809499E-01
    6    34     1.1818120979E+05     7.2790395582E+08     2.7246383033E-01
    6    35     1.1832896863E+05     8.6902500219E+08     9.5656408749E-02
    6    36     1.1836657808E+05     1.0816295798E+09     2.1689041418E-02
    7     0     9.1246633010E+04     3.4557528713E+01     8.9509988013E-02
    7     1     9.2516546970E+04     4.0659943768E+03     7.9792048903E-02
    7     2     9.3756189410E+04     1.0353898243E+05     6.0521058440E-02
    7     3     9.4965419810E+04     1.0118116458E+06     1.0632694637E-01
    7     4     9.6144031640E+04     1.3023703346E+07     7.2514155642E-02
    7     5     9.7291922680E+04     5.2743466633E+07     9.1557506858E-02
    7     6     9.8409095560E+04     1.7556416498E+08     1.1393303973E-01
    7     7     9.9495519110E+04     3.9141547693E+08     1.2499589472E-01
    7     8     1.0054892124E+05     4.9778210999E+08     1.8489245025E-01
    7     9     1.0157926464E+05     4.7278278110E+08     2.8589536096E-01
    7    10     1.0257262280E+05     4.9044284871E+08     3.4513679122E-01
    7    11     1.0354640929E+05     5.2332432208E+08     3.9162695368E-01
    7    12     1.0448068589E+05     5.0123034887E+08     4.7308759317E-01
    7    13     1.0540172344E+05     4.9161891172E+08     5.3167263368E-01
    7    14     1.0627640520E+05     4.9452213439E+08     5.8866350738E-01
    7    15     1.0715955778E+05     4.0228078847E+08     6.4511048536E-01
    7    16     1.0796333652E+05     4.8830117818E+08     6.8587990550E-01
    7    17     1.0874233647E+05     4.0727630725E+08     7.3832277256E-01
    7    18     1.0954515285E+05     4.6909891565E+08     7.8658458151E-01
    7    19     1.1028390883E+05     4.4528310807E+08     8.3343523640E-01
    7    20     1.1102549360E+05     4.4689623466E+08     8.7450412927E-01
    7    21     1.1171543858E+05     4.4103417515E+08     9.0522074784E-01
    7    22     1.1240826935E+05     4.2661312267E+08     9.2763416112E-01
    7    23     1.1304596252E+05     4.3852207170E+08     9.4554154811E-01
    7    24     1.1370015036E+05     3.7775961863E+08     9.3294430273E-01
    7    25     1.1427695793E+05     4.4094156191E+08     9.5569436153E-01
    7    26     1.1481141939E+05     3.0697769139E+08     8.4271495979E-01
    7    27     1.1540566820E+05     4.4105138071E+08     9.4803375704E-01
    7    28     1.1590707811E+05     4.2454542580E+08     8.3791731146E-01
    7    29     1.1642280470E+05     4.7568831168E+08     8.4496329744E-01
    7    30     1.1686740267E+05     5.1048117378E+08     7.0559700881E-01
    7    31     1.1730489814E+05     5.3334942829E+08     6.8390099437E-01
    7    32     1.1766851319E+05     5.8794509556E+08     5.4044853252E-01
    7    33     1.1799560356E+05     6.3698532819E+08     4.3402474846E-01
    7    34     1.1822380433E+05     7.3504449877E+08     2.6065818609E-01
    7    35     1.1833649324E+05     8.9771829782E+08     9.1741947956E-02
    7    36     1.1835504228E+05     9.1349622343E+08     6.8179942501E-02
    7    37     1.1837437307E+05     1.0900987561E+09     2.1088552848E-02
    8     0     9.1528827030E+04     6.6608731079E+01     8.5371724908E-02
    8     1     9.2786831070E+04     4.4676405017E+03     1.0907618671E-01
    8     2     9.4015923740E+04     1.4709393775E+05     8.2924607486E-02
    8     3     9.5215512570E+04     1.3091621898E+06     1.0852009907E-01
    8     4     9.6385180850E+04     1.3547210252E+07     1.0269482841E-01
    8     5     9.7524646060E+04     6.4468652225E+07     1.0292754646E-01
    8     6     9.8633840890E+04     1.8132284808E+08     1.3410338701E-01
    8     7     9.9712704090E+04     3.8905580842E+08     1.5028900184E-01
    8     8     1.0076046806E+05     4.9100091801E+08     2.1084182822E-01
    8     9     1.0178269687E+05     4.6054236090E+08     3.1208759619E-01
    8    10     1.0276999980E+05     4.8464943237E+08     3.6914886675E-01
    8    11     1.0373889106E+05     5.1319117133E+08     4.1137815218E-01
    8    12     1.0466514226E+05     4.9393601105E+08     4.9653133848E-01
    8    13     1.0559722211E+05     4.0177119981E+08     5.4998413166E-01
    8    14     1.0644909622E+05     4.9442949320E+08     6.0211849404E-01
    8    15     1.0727855099E+05     4.2884644141E+08     6.5744816663E-01
    8    16     1.0812541993E+05     4.8638132538E+08     6.9888088438E-01
    8    17     1.0891082147E+05     4.6158438533E+08     7.5560207746E-01
    8    18     1.0969813060E+05     4.6237308551E+08     8.0034239687E-01
    8    19     1.1043276849E+05     4.5290751134E+08     8.4594612587E-01
    8    20     1.1117255391E+05     4.2830713730E+08     8.8552399919E-01
    8    21     1.1185267458E+05     4.4359410062E+08     9.1254111376E-01
    8    22     1.1256255781E+05     3.3129596311E+08     9.2776997205E-01
    8    23     1.1317333792E+05     4.3988698990E+08     9.4911123805E-01
    8    24     1.1376447077E+05     3.4752259697E+08     9.5304674238E-01
    8    25     1.1439512473E+05     4.3799909812E+08     9.6290752517E-01
    8    26     1.1494944660E+05     4.1978606572E+08     9.4033235109E-01
    8    27     1.1551460598E+05     4.3652199480E+08     9.4969203791E-01
    8    28     1.1601806797E+05     4.4459792253E+08     8.9982613842E-01
    8    29     1.1652139617E+05     4.8012490706E+08     8.2176113938E-01
    8    30     1.1696188732E+05     5.0606382518E+08     7.5003683538E-01
    8    31     1.1738966715E+05     5.4158308791E+08     6.5236647200E-01
    8    32     1.1774407188E+05     5.8186712799E+08     5.5498079069E-01
    8    33     1.1805826111E+05     6.6190427520E+08     3.8681879309E-01
    8    34     1.1826546415E+05     7.5774572064E+08     2.2643671808E-01
    8    35     1.1835971986E+05     9.6627909768E+08     4.8136387380E-02
    9     0     9.1838620810E+04     1.3965353857E+02     9.5585114589E-02
    9     1     9.3084109660E+04     7.9457609133E+03     9.1750953409E-02
    9     2     9.4301966440E+04     2.5702131402E+05     8.5079185451E-02
    9     3     9.5491217060E+04     2.0483996150E+06     1.0936178926E-01
    9     4     9.6651212650E+04     2.0752761813E+07     9.2397532314E-02
    9     5     9.7781563180E+04     9.2106227328E+07     1.0420639881E-01
    9     6     9.8882085390E+04     2.1311414840E+08     1.4030989379E-01
    9     7     9.9952699940E+04     4.8399514309E+08     1.4463442627E-01
    9     8     1.0099307254E+05     5.0068441023E+08     2.2951624282E-01
    9     9     1.0200859577E+05     4.6329212894E+08     3.2847778572E-01
    9    10     1.0298775767E+05     5.2654135103E+08     3.5957315226E-01
    9    11     1.0396998987E+05     3.7542758981E+08     4.3495126468E-01
    9    12     1.0486914133E+05     4.9934315156E+08     5.0786194535E-01
    9    13     1.0575313778E+05     4.6822783179E+08     5.5712011074E-01
    9    14     1.0664061352E+05     4.9207878604E+08     6.1875081339E-01
    9    15     1.0747467577E+05     4.8510081697E+08     6.6146637618E-01
    9    16     1.0830628023E+05     4.8023033528E+08     7.1419515334E-01
    9    17     1.0908690739E+05     4.7117209179E+08     7.6681083874E-01
    9    18     1.0987290919E+05     4.3748249210E+08     8.1494500546E-01
    9    19     1.1059577000E+05     4.5403832548E+08     8.5845167891E-01
    9    20     1.1136581862E+05     2.6900380290E+08     8.9604869861E-01
    9    21     1.1200452305E+05     4.4467393229E+08     9.1866679026E-01
    9    22     1.1264647538E+05     3.8956567708E+08     9.4052797117E-01
    9    23     1.1331515674E+05     4.4003446926E+08     9.5032179610E-01
    9    24     1.1391625789E+05     4.2729963149E+08     9.5539589303E-01
    9    25     1.1452785291E+05     4.2827777348E+08     9.7230389876E-01
    9    26     1.1507932121E+05     4.3333896013E+08     9.6212811097E-01
    9    27     1.1563905167E+05     4.2500257433E+08     9.3321107468E-01
    9    28     1.1613346996E+05     4.5302904762E+08     9.0193349854E-01
    9    29     1.1663726021E+05     5.0749000144E+08     7.0542538994E-01
    9    30     1.1706227595E+05     5.1772768697E+08     7.3809927954E-01
    9    31     1.1749293756E+05     6.0730737618E+08     4.9085900735E-01
    9    32     1.1782383966E+05     5.9247266342E+08     5.3518239220E-01
    9    33     1.1808735543E+05     7.5334344634E+08     2.7068931129E-01
    9    34     1.1830641119E+05     7.9376973198E+08     1.8133970688E-01
    9    35     1.1837285143E+05     1.0410158957E+09     2.7798612391E-02
   10     0     9.2173801650E+04     4.1449349486E+02     8.2914978929E-02
   10     1     9.3406377860E+04     2.2448177696E+04     7.1359101990E-02
   10     2     9.4612489700E+04     3.1333667765E+05     1.0732793579E-01
   10     3     9.5790814540E+04     5.7369517728E+06     8.1338063579E-02
   10     4     9.6940545460E+04     3.2887066809E+07     8.8033503016E-02
   10     5     9.8061150220E+04     1.1134423718E+08     1.2096732444E-01
   10     6     9.9152382080E+04     3.6402965968E+08     1.1405113020E-01
   10     7     1.0021412935E+05     5.2053246710E+08     1.6062023775E-01
   10     8     1.0124622211E+05     4.9675913750E+08     2.5577454055E-01
   10     9     1.0222807073E+05     3.1906406131E+08     3.2499151631E-01
   10    10     1.0322500126E+05     5.2650919686E+08     3.8083440355E-01
   10    11     1.0416437187E+05     4.9795979520E+08     4.5578758190E-01
   10    12     1.0509187266E+05     5.0930063039E+08     5.1532525920E-01
   10    13     1.0597607144E+05     5.0017146842E+08     5.7221920283E-01
   10    14     1.0685098609E+05     4.9147649086E+08     6.3007002817E-01
   10    15     1.0767900759E+05     4.8947622477E+08     6.8041824076E-01
   10    16     1.0851099492E+05     4.4372698879E+08     7.3368522810E-01
   10    17     1.0927701876E+05     4.7287641640E+08     7.8048264085E-01
   10    18     1.0998945504E+05     2.9833691955E+08     8.1998300276E-01
   10    19     1.1077344571E+05     4.5691444115E+08     8.6348338620E-01
   10    20     1.1146420893E+05     4.2297412739E+08     8.9613198996E-01
   10    21     1.1217128444E+05     4.4343906084E+08     9.2307215851E-01
   10    22     1.1281696033E+05     4.3362509786E+08     9.4699159476E-01
   10    23     1.1347323330E+05     4.2801451413E+08     9.5573213089E-01
   10    24     1.1406774487E+05     4.3672213064E+08     9.6798717449E-01
   10    25     1.1468249061E+05     3.8043934164E+08     9.7261622378E-01
   10    26     1.1521696743E+05     4.3459775722E+08     9.7208846741E-01
   10    27     1.1580245488E+05     3.7323587293E+08     6.7511406444E-01
   10    28     1.1625760365E+05     4.7194617641E+08     8.6901479031E-01
   10    29     1.1670022396E+05     5.4753057045E+08     5.7522618321E-01
   10    30     1.1717042817E+05     5.2201127146E+08     7.2640879152E-01
   10    31     1.1754683379E+05     5.9413265777E+08     5.4145487233E-01
   10    32     1.1790868324E+05     6.1129242741E+08     4.9989781717E-01
   10    33     1.1817013018E+05     6.9616895859E+08     3.3620378190E-01
   10    34     1.1834741632E+05     8.6326051726E+08     1.2036115651E-01
   11     0     9.2532141410E+04     4.5465598651E+02     1.2579313622E-01
   11     1     9.3751592890E+04     3.4365976465E+04     1.0353390139E-01
   11     2     9.4945575750E+04     4.6482425274E+05     1.1367517974E-01
   11     3     9.6112530020E+04     5.5595271806E+06     1.2618144705E-01
   11     4     9.7251483140E+04     4.2053058388E+07     1.1132342432E-01
   11     5     9.8361820940E+04     1.2124264832E+08     1.4272230040E-01
   11     6     9.9443221400E+04     3.3154819512E+08     1.5744362066E-01
   11     7     1.0049554879E+05     5.0993987137E+08     1.9217090005E-01
   11     8     1.0151870231E+05     4.8726956914E+08     2.8693747324E-01
   11     9     1.0251140884E+05     4.8922762507E+08     3.5978189000E-01
   11    10     1.0348068111E+05     5.2572953177E+08     4.0355051115E-01
   11    11     1.0441548793E+05     5.0427071774E+08     4.8212406182E-01
   11    12     1.0533322231E+05     5.0156212892E+08     5.3816041797E-01
   11    13     1.0620985963E+05     5.0339730904E+08     5.9206874753E-01
   11    14     1.0708875572E+05     4.2994159133E+08     6.5377021071E-01
   11    15     1.0789753065E+05     4.8907996446E+08     6.9933351178E-01
   11    16     1.0867531607E+05     4.0117725181E+08     7.5135778470E-01
   11    17     1.0948181895E+05     4.7014742896E+08     7.9773494336E-01
   11    18     1.1022068902E+05     4.4884573989E+08     8.3897866876E-01
   11    19     1.1096644351E+05     4.5023492515E+08     8.7848982101E-01
   11    20     1.1165612334E+05     4.4599215528E+08     9.0932372714E-01
   11    21     1.1235682301E+05     4.2001150954E+08     9.3330267493E-01
   11    22     1.1299153126E+05     4.4070601900E+08     9.5603801587E-01
   11    23     1.1366917353E+05     2.9959468627E+08     9.5544057005E-01
   11    24     1.1422854402E+05     4.3587120358E+08     9.8068911252E-01
   11    25     1.1477811446E+05     3.6994872827E+08     9.4782256422E-01
   11    26     1.1536482541E+05     4.3430546993E+08     9.7210044932E-01
   11    27     1.1587285681E+05     4.2310353116E+08     9.2952663415E-01
   11    28     1.1639187560E+05     4.7463580514E+08     8.5423085859E-01
   11    29     1.1684180067E+05     5.0540493676E+08     7.6645601569E-01
   11    30     1.1728792051E+05     5.2952844240E+08     6.9390964993E-01
   11    31     1.1765800785E+05     5.6803448418E+08     6.0330515873E-01
   11    32     1.1800120750E+05     6.4579838135E+08     4.3256378001E-01
   11    33     1.1823785789E+05     7.1579364012E+08     2.9843857956E-01
   11    34     1.1836908665E+05     9.0406209115E+08     8.5285665846E-02
   12     0     9.2911440200E+04     1.9215579026E+03     6.4984633564E-02
   12     1     9.4117711540E+04     7.6199588877E+04     9.3948460723E-02
   12     2     9.5299334420E+04     2.5060619886E+06     5.8802749259E-02
   12     3     9.6454562220E+04     1.4148070040E+07     8.0603129659E-02
   12     4     9.7582332150E+04     7.7262715980E+07     1.0120341763E-01
   12     5     9.8681952760E+04     3.7263358191E+08     7.8403083386E-02
   12     6     9.9753054790E+04     5.2370917760E+08     1.2893142647E-01
   12     7     1.0079547633E+05     5.1866960425E+08     2.1852549032E-01
   12     8     1.0180914662E+05     5.1931745804E+08     2.9648951927E-01
   12     9     1.0279375362E+05     5.2832503275E+08     3.6023972647E-01
   12    10     1.0375426910E+05     5.2139058568E+08     4.2799884953E-01
   12    11     1.0468029171E+05     5.2285749687E+08     4.8886612959E-01
   12    12     1.0561250301E+05     3.4865864850E+08     5.5226557991E-01
   12    13     1.0645814837E+05     5.0614404507E+08     6.0982633981E-01
   12    14     1.0729407112E+05     4.7245747824E+08     6.6258448451E-01
   12    15     1.0813069957E+05     4.9000681789E+08     7.1391288748E-01
   12    16     1.0891735292E+05     4.7686089953E+08     7.6033258267E-01
   12    17     1.0970233190E+05     4.6700847802E+08     8.0611186689E-01
   12    18     1.1043608299E+05     4.6521623405E+08     8.4654404399E-01
   12    19     1.1118300658E+05     4.0614740621E+08     8.8378993830E-01
   12    20     1.1185499880E+05     4.5262242695E+08     9.1574739142E-01
   12    21     1.1248569715E+05     3.1513061850E+08     9.4272468520E-01
   12    22     1.1317637689E+05     4.4345815325E+08     9.6010022326E-01
   12    23     1.1378032809E+05     4.1637846352E+08     9.6821081486E-01
   12    24     1.1440079219E+05     4.3025997662E+08     9.8918370167E-01
   12    25     1.1495827632E+05     4.2595180658E+08     9.8765526427E-01
   12    26     1.1552582677E+05     4.5161559955E+08     9.0536875303E-01
   12    27     1.1602795934E+05     4.7269583964E+08     8.8133250389E-01
   12    28     1.1654328910E+05     5.1489259836E+08     7.1000772167E-01
   12    29     1.1697646751E+05     5.1053412459E+08     7.7333994669E-01
   12    30     1.1743109756E+05     6.4185526856E+08     4.3712580532E-01
   12    31     1.1776723824E+05     5.8114590993E+08     5.8051171475E-01
   12    32     1.1806002850E+05     6.8893357076E+08     3.7761030349E-01
   12    33     1.1830201220E+05     7.5500758259E+08     2.4071356147E-01
   13     0     9.3309563500E+04     3.7743596363E+03     9.5804296586E-02
   13     1     9.4502723560E+04     7.8820641428E+04     1.3228924793E-01
   13     2     9.5671853990E+04     2.3821091378E+06     1.1612758570E-01
   13     3     9.6815111160E+04     2.0711683856E+07     1.0323265824E-01
   13     4     9.7931372710E+04     6.6157149583E+07     1.5296656724E-01
   13     5     9.9019911210E+04     3.1147641750E+08     1.3379616128E-01
   13     6     1.0008031885E+05     5.2339244622E+08     1.6195887461E-01
   13     7     1.0111240921E+05     5.1398942344E+08     2.5170815067E-01
   13     8     1.0211613865E+05     5.0581281158E+08     3.3341660685E-01
   13     9     1.0309142141E+05     5.2864385531E+08     3.8663329024E-01
   13    10     1.0403171193E+05     4.7884172104E+08     4.5514953690E-01
   13    11     1.0495977501E+05     5.1827580420E+08     5.1730745729E-01
   13    12     1.0584806651E+05     5.0458162193E+08     5.7676079315E-01
   13    13     1.0672090072E+05     5.0045710523E+08     6.3611283717E-01
   13    14     1.0755504558E+05     4.9339620135E+08     6.8641354467E-01
   13    15     1.0837999338E+05     4.7688002686E+08     7.3662537995E-01
   13    16     1.0915810630E+05     4.8006995444E+08     7.8221796698E-01
   13    17     1.0995956491E+05     3.3252389471E+08     8.2904376598E-01
   13    18     1.1066042699E+05     4.6409317632E+08     8.6683949034E-01
   13    19     1.1135336809E+05     4.1368441612E+08     9.0277042868E-01
   13    20     1.1206485497E+05     4.4918481690E+08     9.3201249321E-01
   13    21     1.1271571282E+05     4.3577345518E+08     9.5692502553E-01
   13    22     1.1337415653E+05     4.3144075908E+08     9.7505569855E-01
   13    23     1.1397501788E+05     4.3599366608E+08     9.8736451228E-01
   13    24     1.1459286676E+05     3.8664482585E+08     9.8603051982E-01
   13    25     1.1513392167E+05     4.3451937559E+08     9.9105260766E-01
   13    26     1.1562169402E+05     2.9053919887E+08     8.4857577053E-01
   13    27     1.1618653329E+05     4.7209877649E+08     8.9053172744E-01
   13    28     1.1664415318E+05     5.2621822806E+08     6.8937260646E-01
   13    29     1.1711586607E+05     5.1313493673E+08     7.6268922087E-01
   13    30     1.1750740802E+05     5.6160536955E+08     6.3440341378E-01
   13    31     1.1788002354E+05     5.9956477665E+08     5.3750664261E-01
   13    32     1.1815976010E+05     6.6632347664E+08     3.9372537774E-01
   13    33     1.1833876210E+05     8.2740750056E+08     1.9207543779E-01
   14     0     9.3724472100E+04     6.1328419954E+03     1.3861329364E-01
   14     1     9.4904680150E+04     2.7950274949E+05     8.6635962746E-02
   14     2     9.6061280090E+04     4.6506767701E+06     9.0080530952E-02
   14     3     9.7192403070E+04     2.7240975694E+07     1.4104144898E-01
   14     4     9.8296905110E+04     1.5340672528E+08     1.0128371905E-01
   14     5     9.9374072450E+04     4.4609249432E+08     1.2196058122E-01
   14     6     1.0042345929E+05     5.2946382356E+08     1.9505641292E-01
   14     7     1.0144486182E+05     5.0702927046E+08     2.8743384010E-01
   14     8     1.0243825061E+05     5.2913643934E+08     3.4720437031E-01
   14     9     1.0340362779E+05     5.3167017421E+08     4.1235360047E-01
   14    10     1.0434053821E+05     5.1773698062E+08     4.8491906931E-01
   14    11     1.0525328502E+05     5.2013774157E+08     5.3940587915E-01
   14    12     1.0613448772E+05     5.1496596210E+08     5.9539130373E-01
   14    13     1.0700032765E+05     4.8868869000E+08     6.5147041560E-01
   14    14     1.0782297080E+05     4.9680976117E+08     7.0560823931E-01
   14    15     1.0860326904E+05     3.7964568039E+08     7.5689717500E-01
   14    16     1.0940907438E+05     4.7874733726E+08     8.0319253844E-01
   14    17     1.1015315411E+05     4.5965846261E+08     8.4239349878E-01
   14    18     1.1089628576E+05     4.6312382972E+08     8.7828985028E-01
   14    19     1.1159142866E+05     4.5681173636E+08     9.1034815070E-01
   14    20     1.1229012505E+05     4.3264510299E+08     9.3618620521E-01
   14    21     1.1293088817E+05     4.4829452554E+08     9.6216159374E-01
   14    22     1.1361493490E+05     2.5989438913E+08     9.8662626302E-01
   14    23     1.1417320689E+05     4.3662451053E+08     1.0002869064E+00
   14    24     1.1473506050E+05     3.9289435783E+08     9.9729670801E-01
   14    25     1.1531654844E+05     4.3903011365E+08     9.8221176952E-01
   14    26     1.1583298512E+05     4.4569100926E+08     9.3342284940E-01
   14    27     1.1635370571E+05     4.7845138918E+08     8.6273968634E-01
   14    28     1.1681076634E+05     5.0297281109E+08     8.0831473601E-01
   14    29     1.1726630267E+05     5.4487617889E+08     6.6823567410E-01
   14    30     1.1764187561E+05     5.5898122249E+08     6.4611696862E-01
   14    31     1.1801770039E+05     7.2815284126E+08     3.2361543133E-01
   14    32     1.1824818220E+05     6.9481909101E+08     3.4055535481E-01
   15     0     9.4154244040E+04     1.0141509802E+04     1.5193329790E-01
   15     1     9.5321717170E+04     8.5438316026E+05     1.0843322582E-01
   15     2     9.6465806960E+04     8.3406736037E+06     1.0441373110E-01
   15     3     9.7584712010E+04     3.7835261365E+07     1.6059144618E-01
   15     4     9.8677293160E+04     2.9046930905E+08     1.1892383255E-01
   15     5     9.9742843210E+04     5.2366523988E+08     1.4508559082E-01
   15     6     1.0078093343E+05     5.2756874248E+08     2.3217076756E-01
   15     7     1.0179134942E+05     5.1324512883E+08     3.1778137856E-01
   15     8     1.0277406641E+05     5.3536325388E+08     3.7387569397E-01
   15     9     1.0372912795E+05     5.3593474278E+08     4.3899516333E-01
   15    10     1.0465652119E+05     5.2725163304E+08     5.0556555563E-01
   15    11     1.0556564454E+05     4.5969688404E+08     5.6871292335E-01
   15    12     1.0643129860E+05     5.1120725490E+08     6.2435788304E-01
   15    13     1.0727310383E+05     4.9284870342E+08     6.7348510873E-01
   15    14     1.0810171405E+05     4.9957165340E+08     7.2332354517E-01
   15    15     1.0889264553E+05     4.8735575665E+08     7.7193454213E-01
   15    16     1.0967193606E+05     4.7541104024E+08     8.1969382857E-01
   15    17     1.1041036214E+05     4.7085053552E+08     8.6220876967E-01
   15    18     1.1115411105E+05     3.9990201394E+08     8.9917726461E-01
   15    19     1.1182969555E+05     4.5784064493E+08     9.3020027289E-01
   15    20     1.1248035547E+05     3.9142924315E+08     9.5332466136E-01
   15    21     1.1315273770E+05     4.4663495806E+08     9.7731454083E-01
   15    22     1.1376481754E+05     4.3269939037E+08     9.9187581266E-01
   15    23     1.1438062298E+05     4.3316101657E+08     1.0010279147E+00
   15    24     1.1494317851E+05     4.3404220501E+08     1.0064506000E+00
   15    25     1.1551406229E+05     4.3914849983E+08     9.0994950631E-01
   15    26     1.1601670622E+05     4.6957975669E+08     9.1868107749E-01
   15    27     1.1646128033E+05     5.8835989680E+08     4.3298353392E-01
   15    28     1.1656037112E+05     5.5787929404E+08     4.6313273008E-01
   15    29     1.1697234361E+05     5.0130761438E+08     8.1455529293E-01
   15    30     1.1737789310E+05     5.6420604903E+08     6.3512131461E-01
   15    31     1.1777545667E+05     5.7237131458E+08     6.1314134479E-01
   15    32     1.1808586155E+05     6.3210873689E+08     4.7164007873E-01
   15    33     1.1833707345E+05     7.6962591326E+08     2.4703330240E-01
   16     0     9.4597088970E+04     1.6297149836E+04     1.5605109408E-01
   16     1     9.5752072810E+04     6.7437544496E+05     1.8421823173E-01
   16     2     9.6883729190E+04     1.2534021638E+07     1.4669674819E-01
   16     3     9.7990378080E+04     4.1634344123E+07     1.8419368421E-01
   16     4     9.9070917520E+04     2.1376730127E+08     1.9208330740E-01
   16     5     1.0012467748E+05     5.1657862571E+08     1.8774925925E-01
   16     6     1.0115124906E+05     5.2368587038E+08     2.7037431132E-01
   16     7     1.0215043323E+05     4.9894255389E+08     3.5941349975E-01
   16     8     1.0312220067E+05     5.3709835696E+08     4.0461742512E-01
   16     9     1.0406662205E+05     5.3107547270E+08     4.7321544903E-01
   16    10     1.0498379651E+05     5.1902830815E+08     5.4151763977E-01
   16    11     1.0587331622E+05     5.1346836611E+08     5.9744074000E-01
   16    12     1.0673893643E+05     5.0738296038E+08     6.5292728111E-01
   16    13     1.0757486149E+05     5.0385291153E+08     7.0058243807E-01
   16    14     1.0839261088E+05     4.8764976978E+08     7.5099044803E-01
   16    15     1.0917391118E+05     4.8654389255E+08     7.9990775486E-01
   16    16     1.0990669709E+05     3.1868464097E+08     8.4393057747E-01
   16    17     1.1067336637E+05     4.6831165286E+08     8.8633275079E-01
   16    18     1.1137685996E+05     4.4915328347E+08     9.2019441072E-01
   16    19     1.1207617896E+05     4.5356782865E+08     9.4919777093E-01
   16    20     1.1273201614E+05     4.4872069922E+08     9.7230059002E-01
   16    21     1.1338674690E+05     4.2526029276E+08     9.9492173218E-01
   16    22     1.1398937311E+05     4.4168762778E+08     1.0078263843E+00
   16    23     1.1462996169E+05     2.6102752330E+08     9.3817226956E-01
   16    24     1.1514856913E+05     4.4132579738E+08     1.0050830015E+00
   16    25     1.1567255110E+05     4.0950989409E+08     9.8816400202E-01
   16    26     1.1620373697E+05     4.6662091448E+08     9.2477780174E-01
   16    27     1.1667528959E+05     4.9350933152E+08     8.4437488078E-01
   16    28     1.1713942979E+05     5.0488890112E+08     7.8400873197E-01
   16    29     1.1753756428E+05     5.3892598400E+08     7.0649226842E-01
   16    30     1.1792246101E+05     6.5079097833E+08     4.5301289415E-01
   16    31     1.1819669153E+05     6.5440847304E+08     4.2369095872E-01
   17     0     9.5051357500E+04     1.7179001862E+05     1.1160285234E-01
   17     1     9.6194099650E+04     2.6113046223E+06     1.1401212664E-01
   17     2     9.7313433190E+04     2.0422673311E+07     1.6793107458E-01
   17     3     9.8407822070E+04     2.4528997812E+08     1.1792328732E-01
   17     4     9.9476245540E+04     5.2057053611E+08     1.3784852897E-01
   17     5     1.0051809056E+05     5.3016271105E+08     2.2481903021E-01
   17     6     1.0153297534E+05     5.2146768460E+08     3.0839269539E-01
   17     7     1.0252072208E+05     5.4839938421E+08     3.6459599371E-01
   17     8     1.0348131014E+05     5.4608120980E+08     4.3256846369E-01
   17     9     1.0441482745E+05     5.3260378216E+08     5.0309592160E-01
   17    10     1.0532141900E+05     5.2661202185E+08     5.6267716670E-01
   17    11     1.0620117891E+05     5.2418071121E+08     6.1432244439E-01
   17    12     1.0705945422E+05     4.9461965772E+08     6.6506031478E-01
   17    13     1.0788280758E+05     5.1061620224E+08     7.1795350988E-01
   17    14     1.0868055782E+05     4.8689786603E+08     7.7079826571E-01
   17    15     1.0946292634E+05     4.8772319759E+08     8.1945573087E-01
   17    16     1.1021125480E+05     4.7693723375E+08     8.6109932380E-01
   17    17     1.1094543930E+05     4.6811029393E+08     8.9669311027E-01
   17    18     1.1164283528E+05     4.6695409643E+08     9.2697433273E-01
   17    19     1.1234423909E+05     3.7487975136E+08     9.5699962235E-01
   17    20     1.1297802416E+05     4.5585974821E+08     9.7889074627E-01
   17    21     1.1359512060E+05     4.1583240486E+08     9.9883199020E-01
   17    22     1.1421774645E+05     4.4490063120E+08     1.0107352764E+00
   17    23     1.1479118185E+05     4.3393444965E+08     1.0219568004E+00
   17    24     1.1536105543E+05     4.5242573532E+08     9.7088901571E-01
   17    25     1.1588139433E+05     4.6539278203E+08     9.4991068675E-01
   17    26     1.1640752933E+05     4.8795481725E+08     7.6296635332E-01
   17    27     1.1685751875E+05     4.9219651548E+08     8.5937545077E-01
   17    28     1.1727431533E+05     5.6527212514E+08     6.3017927795E-01
   17    29     1.1769040379E+05     5.5470528800E+08     6.7358301617E-01
   17    30     1.1802434637E+05     6.0680296022E+08     5.3847237954E-01
   17    31     1.1830439100E+05     7.1020142075E+08     3.3660074248E-01
   18     0     9.5515540900E+04     1.3758473204E+05     1.9584354909E-01
   18     1     9.6646272270E+04     4.4566758818E+06     1.6125757189E-01
   18     2     9.7753400050E+04     1.8168849584E+07     2.1214079211E-01
   18     3     9.8835556670E+04     1.6358309265E+08     2.0073089891E-01
   18     4     9.9891837270E+04     5.0521015802E+08     1.8786879085E-01
   18     5     1.0092166956E+05     5.2765346669E+08     2.6561026608E-01
   18     6     1.0192473547E+05     5.1407493199E+08     3.4947478760E-01
   18     7     1.0290088334E+05     5.4550512173E+08     4.0279980065E-01
   18     8     1.0385010519E+05     5.3773867654E+08     4.7246547874E-01
   18     9     1.0477250337E+05     5.2412459620E+08     5.4141036928E-01
   18    10     1.0566824748E+05     5.2345771675E+08     5.9457181123E-01
   18    11     1.0653753247E+05     5.2098171424E+08     6.4601699267E-01
   18    12     1.0738022649E+05     5.1441312690E+08     6.9763837970E-01
   18    13     1.0819890812E+05     5.0399690894E+08     7.5139187576E-01
   18    14     1.0898978377E+05     4.9239572859E+08     8.0302138129E-01
   18    15     1.0976173248E+05     4.7308451206E+08     8.4853245596E-01
   18    16     1.1049960836E+05     4.7625719192E+08     8.8698325250E-01
   18    17     1.1120551266E+05     4.1766371959E+08     9.1918416049E-01
   18    18     1.1191228716E+05     4.6506436209E+08     9.4933708926E-01
   18    19     1.1257656254E+05     4.5447261214E+08     9.7467079869E-01
   18    20     1.1323024319E+05     4.4945756242E+08     9.9951527872E-01
   18    21     1.1384587934E+05     4.4684937561E+08     1.0173912753E+00
   18    22     1.1445924107E+05     4.0942030401E+08     1.0111442472E+00
   18    23     1.1501770793E+05     4.4412481470E+08     1.0243210173E+00
   18    24     1.1554612779E+05     3.7349447311E+08     1.0105927828E+00
   18    25     1.1608736879E+05     4.6184884191E+08     9.6420551669E-01
   18    26     1.1657043601E+05     4.8417565818E+08     8.8417119869E-01
   18    27     1.1704171700E+05     4.9615326995E+08     8.3873362129E-01
   18    28     1.1745631505E+05     5.2696521989E+08     7.5641661572E-01
   18    29     1.1785257167E+05     6.1686809285E+08     5.3137756548E-01
   18    30     1.1815466735E+05     6.2654027095E+08     4.9361563238E-01
   19     0     9.5988269500E+04     5.0993540163E+05     1.3029031443E-01
   19     1     9.7107189570E+04     8.4281838224E+06     1.8417162403E-01
   19     2     9.8202219380E+04     1.7737519898E+08     1.3014530010E-01
   19     3     9.9272193510E+04     5.1098503170E+08     1.4040590171E-01
   19     4     1.0031631401E+05     5.2204188967E+08     2.2725344464E-01
   19     5     1.0133408110E+05     5.4005948306E+08     3.0131979154E-01
   19     6     1.0232523046E+05     5.6226174663E+08     3.6341062150E-01
   19     7     1.0328965152E+05     5.4931269402E+08     4.3782604792E-01
   19     8     1.0422735679E+05     5.3941079890E+08     5.0461022552E-01
   19     9     1.0513846219E+05     5.4143112936E+08     5.5706200778E-01
   19    10     1.0602315549E+05     5.4007064260E+08     6.0847664149E-01
   19    11     1.0688166614E+05     5.3063303543E+08     6.6521478541E-01
   19    12     1.0771418861E+05     5.1668943613E+08     7.2329515271E-01
   19    13     1.0853495149E+05     2.7558955616E+08     7.7683332743E-01
   19    14     1.0930333648E+05     4.9653137361E+08     8.2080696397E-01
   19    15     1.1005833208E+05     4.8692011694E+08     8.5855823996E-01
   19    16     1.1079369773E+05     4.8431982806E+08     8.9326068357E-01
   19    17     1.1149954507E+05     4.7757562117E+08     9.2585162813E-01
   19    18     1.1218948068E+05     4.6107067686E+08     9.5840903895E-01
   19    19     1.1284443262E+05     4.6295699978E+08     9.8623481773E-01
   19    20     1.1346090225E+05     3.4486060508E+08     1.0127396913E+00
   19    21     1.1409406669E+05     4.5098918112E+08     1.0243256313E+00
   19    22     1.1467580827E+05     4.3708685636E+08     1.0362313410E+00
   19    23     1.1524746176E+05     4.5277414388E+08     1.0092639271E+00
   19    24     1.1577873912E+05     4.6058356563E+08     9.8523880555E-01
   19    25     1.1630215320E+05     4.7112140218E+08     8.8962655365E-01
   19    26     1.1677055322E+05     4.8706902863E+08     8.9716137723E-01
   19    27     1.1720098356E+05     5.4896453296E+08     6.7652399439E-01
   19    28     1.1762620929E+05     5.4418622022E+08     7.2292421667E-01
   19    29     1.1797898213E+05     5.8866932995E+08     5.9775084276E-01
   19    30     1.1828115229E+05     6.7915894948E+08     4.0409427942E-01
   20     0     9.6468306350E+04     9.5261243797E+05     1.8592851119E-01
   20     1     9.7575573980E+04     6.4831062372E+06     2.4054856645E-01
   20     2     9.8658614020E+04     1.0375984465E+08     2.2329900448E-01
   20     3     9.9716447450E+04     4.7039865162E+08     2.0108100250E-01
   20     4     1.0074840957E+05     5.2570656624E+08     2.6860929969E-01
   20     5     1.0175407653E+05     5.3737985222E+08     3.4468359097E-01
   20     6     1.0273324059E+05     5.5084207467E+08     4.1036381211E-01
   20     7     1.0368583610E+05     5.3936748235E+08     4.8086251331E-01
   20     8     1.0461190464E+05     5.3394880762E+08     5.4276343331E-01
   20     9     1.0551157735E+05     5.3832177438E+08     5.9246585490E-01
   20    10     1.0638505720E+05     5.3389512349E+08     6.4671648732E-01
   20    11     1.0723259277E+05     5.2205550832E+08     7.0468099610E-01
   20    12     1.0805442998E+05     5.0879487483E+08     7.6052089239E-01
   20    13     1.0885068995E+05     4.9868571442E+08     8.0951356052E-01
   20    14     1.0962295846E+05     4.9184974105E+08     8.5051604835E-01
   20    15     1.1036892996E+05     4.8713706653E+08     8.8672333782E-01
   20    16     1.1110198439E+05     3.9020086528E+08     9.2150069944E-01
   20    17     1.1178986094E+05     4.7467347887E+08     9.5350586910E-01
   20    18     1.1246077226E+05     4.6070799127E+08     9.8352861164E-01
   20    19     1.1311555642E+05     4.5840061131E+08     1.0110079257E+00
   20    20     1.1373908493E+05     4.5151774922E+08     1.0317091745E+00
   20    21     1.1434842885E+05     4.3983265522E+08     1.0371479310E+00
   20    22     1.1492063696E+05     4.4744477851E+08     1.0431514818E+00
   20    23     1.1545547246E+05     3.4788620863E+08     1.0258667782E+00
   20    24     1.1600160422E+05     4.5834271770E+08     9.9917006376E-01
   20    25     1.1649474764E+05     4.7360426618E+08     9.3516278241E-01
   20    26     1.1697055381E+05     4.9332049917E+08     8.7811713277E-01
   20    27     1.1739793845E+05     5.1971138989E+08     8.0048326103E-01
   20    28     1.1780633121E+05     6.1707291587E+08     5.4536594443E-01
   20    29     1.1812569821E+05     6.0791276198E+08     5.5276857001E-01
   21     0     9.6954538200E+04     1.1536830427E+06     2.5691393521E-01
   21     1     9.8050267310E+04     3.3320391501E+07     1.7273429067E-01
   21     2     9.9121393910E+04     2.4730142093E+08     1.6277167987E-01
   21     3     1.0016713801E+05     5.0005582673E+08     2.3589057590E-01
   21     4     1.0118694992E+05     5.5399964178E+08     3.0374393798E-01
   21     5     1.0218049445E+05     5.3583252398E+08     3.8846092668E-01
   21     6     1.0314762819E+05     5.5221723667E+08     4.4854441423E-01
   21     7     1.0408832409E+05     5.5317978436E+08     5.0643702665E-01
   21     8     1.0500266049E+05     5.4291732740E+08     5.6930996306E-01
   21     9     1.0589079004E+05     5.3843590199E+08     6.2631039449E-01
   21    10     1.0675292748E+05     5.2833475662E+08     6.8462617090E-01
   21    11     1.0758933129E+05     5.2185149844E+08     7.3360822397E-01
   21    12     1.0840026421E+05     5.1446117100E+08     7.7994466363E-01
   21    13     1.0918598551E+05     5.0523566144E+08     8.2550007126E-01
   21    14     1.0994623093E+05     4.9431570900E+08     8.6809255030E-01
   21    15     1.1068347326E+05     4.8700007171E+08     9.1032008638E-01
   21    16     1.1139483643E+05     4.7821354294E+08     9.4744289588E-01
   21    17     1.1208470364E+05     4.7000185145E+08     9.7930396762E-01
   21    18     1.1274733558E+05     4.6500295491E+08     1.0060103177E+00
   21    19     1.1340753423E+05     2.8327759976E+08     1.0198638462E+00
   21    20     1.1400484809E+05     4.5660770300E+08     1.0382595689E+00
   21    21     1.1459381860E+05     4.4673624194E+08     1.0466644772E+00
   21    22     1.1516655928E+05     4.5469530040E+08     1.0358330620E+00
   21    23     1.1570587451E+05     4.5899772181E+08     1.0175113394E+00
   21    24     1.1622993036E+05     4.3991998892E+08     9.9489002484E-01
   21    25     1.1670960126E+05     4.7771192195E+08     9.4261639479E-01
   21    26     1.1715586944E+05     4.9820340352E+08     8.2075047464E-01
   21    27     1.1758273768E+05     5.3514243540E+08     7.6900204845E-01
   21    28     1.1795040472E+05     5.7350697764E+08     6.5270087917E-01
   21    29     1.1827165040E+05     6.7129612575E+08     4.3942101517E-01
   22     0     9.7445965730E+04     1.4757419070E+06     2.6514661862E-01
   22     1     9.8530224510E+04     4.6696692991E+07     2.6138843162E-01
   22     2     9.9589505070E+04     3.8927189413E+08     2.2878519440E-01
   22     3     1.0062318663E+05     5.3384619789E+08     2.7536113759E-01
   22     4     1.0163085809E+05     5.6105083236E+08     3.5026098999E-01
   22     5     1.0261227821E+05     5.4618555123E+08     4.2864483136E-01
   22     6     1.0356734006E+05     5.4672555822E+08     4.9045198186E-01
   22     7     1.0449608326E+05     5.5451880648E+08     5.4375780705E-01
   22     8     1.0539861339E+05     5.5365878369E+08     5.9873426612E-01
   22     9     1.0627510968E+05     5.4003926116E+08     6.6061787298E-01
   22    10     1.0712580211E+05     5.2473809115E+08     7.2010413733E-01
   22    11     1.0795095347E+05     5.1566891039E+08     7.7029595049E-01
   22    12     1.0875083325E+05     5.1071984794E+08     8.1265622541E-01
   22    13     1.0952573509E+05     5.0598248070E+08     8.5165589681E-01
   22    14     1.1027589611E+05     4.9915171005E+08     8.9085080662E-01
   22    15     1.1100279468E+05     4.8554601702E+08     9.3030400310E-01
   22    16     1.1170351347E+05     4.8032287684E+08     9.6783411362E-01
   22    17     1.1237999511E+05     4.6755338821E+08     1.0008584326E+00
   22    18     1.1303570707E+05     4.6327679318E+08     1.0277696348E+00
   22    19     1.1366479678E+05     4.5699680701E+08     1.0470031988E+00
   22    20     1.1427406614E+05     4.5084467746E+08     1.0555399961E+00
   22    21     1.1485380571E+05     4.5319965137E+08     1.0584176442E+00
   22    22     1.1540180505E+05     3.9403826199E+08     1.0448945331E+00
   22    23     1.1594352172E+05     4.5888321758E+08     1.0269731392E+00
   22    24     1.1644496372E+05     4.6848100197E+08     9.8230783534E-01
   22    25     1.1692381817E+05     4.9414409266E+08     9.1008831879E-01
   22    26     1.1736102084E+05     5.1607678308E+08     8.3978224786E-01
   22    27     1.1774557214E+05     6.1066243066E+08     5.5311025990E-01
   22    28     1.1811122866E+05     5.9415835673E+08     6.0498465432E-01
   23     0     9.7941692440E+04     4.6845567051E+06     2.6577197570E-01
   23     1     9.9014507770E+04     3.1925105125E+07     3.1015405944E-01
   23     2     1.0006196808E+05     2.7613978347E+08     3.1134404564E-01
   23     3     1.0108361667E+05     5.5829197969E+08     3.1942048980E-01
   23     4     1.0207915218E+05     5.5120633089E+08     4.0073013985E-01
   23     5     1.0304842780E+05     5.2563527690E+08     4.8079303241E-01
   23     6     1.0399140615E+05     5.5354680626E+08     5.2525629184E-01
   23     7     1.0490815539E+05     5.5075288441E+08     5.8534751086E-01
   23     8     1.0579882527E+05     5.4510255710E+08     6.4325249916E-01
   23     9     1.0666361888E+05     5.3090396039E+08     7.0276565543E-01
   23    10     1.0750278603E+05     5.1641395763E+08     7.6015420174E-01
   23    11     1.0831658347E+05     5.1473647123E+08     8.0077527716E-01
   23    12     1.0910529882E+05     5.0735640310E+08     8.4532254145E-01
   23    13     1.0986923070E+05     5.0378375974E+08     8.8238270056E-01
   23    14     1.1060864158E+05     4.9420620194E+08     9.2443720563E-01
   23    15     1.1132372178E+05     4.8433749577E+08     9.6349701531E-01
   23    16     1.1201524324E+05     4.7435166122E+08     9.9932041287E-01
   23    17     1.1268226974E+05     4.6688239573E+08     1.0281793527E+00
   23    18     1.1333442347E+05     3.3528810949E+08     1.0528086426E+00
   23    19     1.1394598946E+05     4.5679914145E+08     1.0643984229E+00
   23    20     1.1454068224E+05     4.5101868352E+08     1.0735242630E+00
   23    21     1.1511428960E+05     4.5282916696E+08     1.0695084672E+00
   23    22     1.1565946859E+05     4.5579099842E+08     1.0551047520E+00
   23    23     1.1618562641E+05     4.3420598356E+08     1.0257509860E+00
   23    24     1.1667236026E+05     4.7638742613E+08     9.7663439324E-01
   23    25     1.1713035822E+05     4.8914094891E+08     9.0660582789E-01
   23    26     1.1755903085E+05     5.2669141955E+08     8.1411509770E-01
   23    27     1.1793807065E+05     5.6322207433E+08     7.0107607911E-01
   23    28     1.1825448714E+05     6.4567529380E+08     5.0197951468E-01
   24     0     9.8440914430E+04     1.0596114488E+07     3.1714186886E-01
   24     1     9.9502263950E+04     2.4658264228E+08     2.7217793228E-01
   24     2     1.0053791617E+05     5.5607153298E+08     2.9024932272E-01
   24     3     1.0154753512E+05     5.6057043837E+08     3.7160244726E-01
   24     4     1.0253094143E+05     5.4749882875E+08     4.4711102867E-01
   24     5     1.0348806780E+05     5.7331513206E+08     4.9719149710E-01
   24     6     1.0441893979E+05     5.7496676521E+08     5.5539558914E-01
   24     7     1.0532366713E+05     5.5764728968E+08     6.2111332314E-01
   24     8     1.0620243495E+05     5.4205782888E+08     6.8181659093E-01
   24     9     1.0705547116E+05     5.3502267191E+08     7.3165954687E-01
   24    10     1.0788304053E+05     5.3274122666E+08     7.7452580270E-01
   24    11     1.0868541138E+05     5.2735099989E+08     8.1739517155E-01
   24    12     1.0946287609E+05     5.1785390943E+08     8.6273278545E-01
   24    13     1.1021572699E+05     5.0576275415E+08     9.0860119212E-01
   24    14     1.1094423066E+05     4.9373193260E+08     9.5154834466E-01
   24    15     1.1164863232E+05     4.8349877025E+08     9.8860968487E-01
   24    16     1.1232896815E+05     4.7541285273E+08     1.0184469515E+00
   24    17     1.1298604864E+05     4.7019232331E+08     1.0413839433E+00
   24    18     1.1361888978E+05     4.6600353420E+08     1.0578728624E+00
   24    19     1.1422925310E+05     4.6124215272E+08     1.0680703327E+00
   24    20     1.1481372138E+05     4.6135038629E+08     1.0720218077E+00
   24    21     1.1537247411E+05     4.5263073756E+08     1.0662633268E+00
   24    22     1.1591022222E+05     4.6233006397E+08     1.0520787717E+00
   24    23     1.1641763618E+05     4.6926002835E+08     1.0181559128E+00
   24    24     1.1689941987E+05     4.9410719351E+08     9.4216248734E-01
   24    25     1.1734385263E+05     5.1259262960E+08     8.7879730876E-01
   24    26     1.1774904690E+05     5.4628288133E+08     7.6596444914E-01
   24    27     1.1811154092E+05     5.8187881117E+08     6.5374501601E-01
   25     0     9.8942909590E+04     1.0308075701E+07     3.1693011625E-01
   25     1     9.9992752400E+04     1.4819358858E+08     3.5844691449E-01
   25     2     1.0101656851E+05     5.3693158259E+08     3.5113979395E-01
   25     3     1.0201415269E+05     5.5448553370E+08     4.2022427807E-01
   25     4     1.0298541872E+05     5.4149055474E+08     4.9373379987E-01
   25     5     1.0393038620E+05     5.7492763055E+08     5.4084998516E-01
   25     6     1.0484913521E+05     5.6377096610E+08     6.0458992406E-01
   25     7     1.0574182055E+05     5.4349662504E+08     6.7012626254E-01
   25     8     1.0660865303E+05     5.3808573927E+08     7.1979294031E-01
   25     9     1.0744989017E+05     5.3268698762E+08     7.6831965849E-01
   25    10     1.0826580997E+05     5.3010668403E+08     8.1050480125E-01
   25    11     1.0905668814E+05     5.2261761860E+08     8.5532397959E-01
   25    12     1.0982282540E+05     5.0950018040E+08     9.0385184800E-01
   25    13     1.1056450851E+05     4.9861581475E+08     9.4624173406E-01
   25    14     1.1128200057E+05     4.8711986198E+08     9.8655377823E-01
   25    15     1.1197553479E+05     4.7877984551E+08     1.0193312095E+00
   25    16     1.1264527228E+05     4.7323904791E+08     1.0438997669E+00
   25    17     1.1329053916E+05     4.5727743088E+08     1.0645041533E+00
   25    18     1.1391383682E+05     4.6479481231E+08     1.0783490370E+00
   25    19     1.1451221908E+05     4.6203610906E+08     1.0861115785E+00
   25    20     1.1508726194E+05     4.5996401773E+08     1.0876981936E+00
   25    21     1.1563647544E+05     4.5997533648E+08     1.0801690145E+00
   25    22     1.1615250307E+05     3.3782996060E+08     1.0510453652E+00
   25    23     1.1665652460E+05     4.7557656812E+08     1.0113878168E+00
   25    24     1.1712140228E+05     4.9072245197E+08     9.4806491806E-01
   25    25     1.1755380600E+05     5.2252314229E+08     8.5306958264E-01
   25    26     1.1794132197E+05     5.5471695780E+08     7.4611405726E-01
   25    27     1.1827434423E+05     6.0781464347E+08     5.9207565303E-01
