#  
#   VizieR Astronomical Server vizier.u-strasbg.fr
#    Date: 2019-10-22T14:19:25 [V1.99+ (14-Oct-2013)]
#   In case of problem, please report to: cds-question@unistra.fr
# 
#   
#Coosys J2000: eq_FK5 J2000 
#INFO votable-version=1.99+ (14-Oct-2013) 
#INFO -ref=VIZ5daf0fde4b7b 
#INFO -out.max=unlimited 
#INFO queryParameters=11 
#-oc.form=sexa
#-out.max=unlimited
#-nav=cat:J/A+AS/141/297&tab:{J/A+AS/141/297/table2}&key:source=J/A+AS/141/297/table2&HTTPPRM:&
#-source=J/A+AS/141/297/table2
#-order=I
#-out=J
#-out=v
#-out=E(v,J)
#-out=At
#-out=Ac
#-out=Ek
#
#
#RESOURCE=yCat_41410297
#Name: J/A+AS/141/297
#Title: H_2_ total transition probability (Abgrall+, 2000)
#Table J_A_AS_141_297_table2:
#Name: J/A+AS/141/297/table2
#Title: Data for the C+ state
#---Details of Columns:
#   J             (I2)    Rotational quantum number [ucd=]
#   v             (I2)    Vibrational quantum number [ucd=]
#   E(v,J) (cm-1) (F10.2) Term value of the state B,v,J [ucd=]
#   At (s-1)      (E8.1)  Total emission probability towards X [ucd=]
#   Ac (s-1)      (E8.1)  Total dissociation probability towards X [ucd=]
#   Ek (eV)       (E8.1)  Mean kinetic energy released in the dissociation [ucd=]
#-- -- ---------- -------- -------- --------
#      E(v                                  
#J  v  ,J) (cm-1) At (s-1) Ac (s-1) Ek (eV) 
#-- -- ---------- -------- -------- --------
 1  0   99152.26  1.2e+09  1.6e+05  1.0e-01
 1  1  101457.97  1.2e+09  4.6e+05  2.8e-01
 1  2  103629.16  1.1e+09  1.9e+06  4.0e-01
 1  3  105661.12  1.0e+09  1.5e+08  5.6e-01
 1  4  107581.26  1.1e+09  3.2e+06  7.0e-01
 1  5  109361.98  1.1e+09  1.5e+06  7.9e-01
 1  6  111012.83  1.1e+09  2.8e+06  6.7e-01
 1  7  112530.36  1.1e+09  1.3e+07  8.6e-01
 1  8  113918.04  1.0e+09  7.2e+07  4.9e-01
 1  9  115153.99  1.1e+09  7.1e+07  2.3e-01
 1 10  116237.42  1.1e+09  4.1e+08  8.4e-02
 1 11  117150.62  1.1e+09  4.6e+08  1.5e-01
 1 12  117868.72  1.1e+09  7.0e+08  1.3e-01
 1 13  118349.92  1.1e+09  9.2e+08  7.5e-02
 2  0   99276.05  1.2e+09  4.4e+05  1.1e-01
 2  1  101575.38  1.2e+09  1.5e+06  2.9e-01
 2  2  103738.99  1.1e+09  9.5e+06  4.1e-01
 2  3  105784.01  1.1e+09  6.3e+07  5.7e-01
 2  4  107681.73  1.1e+09  5.9e+06  7.0e-01
 2  5  109455.37  1.1e+09  4.1e+06  8.0e-01
 2  6  111098.59  1.1e+09  9.0e+06  8.1e-01
 2  7  112602.23  9.8e+08  9.2e+07  9.4e-01
 2  8  113993.63  1.0e+09  6.8e+07  4.1e-01
 2  9  115222.05  1.1e+09  7.6e+07  2.7e-01
 2 10  116297.24  1.1e+09  4.3e+08  9.5e-02
 2 11  117201.46  1.1e+09  4.8e+08  1.6e-01
 2 12  117908.84  1.1e+09  6.8e+08  1.4e-01
 2 13  118375.19  1.1e+09  9.2e+08  6.9e-02
 3  0   99460.20  1.2e+09  8.8e+05  1.2e-01
 3  1  101749.60  1.2e+09  4.2e+06  3.0e-01
 3  2  103896.55  1.1e+09  7.3e+07  4.1e-01
 3  3  105938.83  1.1e+09  2.3e+07  5.6e-01
 3  4  107829.89  1.1e+09  7.8e+06  6.9e-01
 3  5  109593.12  1.1e+09  8.9e+06  7.9e-01
 3  6  111222.99  1.0e+09  3.4e+07  8.5e-01
 3  7  112750.61  9.7e+08  1.1e+08  9.1e-01
 3  8  114103.81  1.0e+09  6.6e+07  3.2e-01
 3  9  115321.64  1.0e+09  9.0e+07  2.2e-01
 3 10  116384.81  1.1e+09  4.5e+08  1.0e-01
 3 11  117275.67  1.1e+09  5.2e+08  1.3e-01
 3 12  117966.89  1.1e+09  6.6e+08  1.2e-01
 4  0   99702.94  1.2e+09  1.8e+06  1.3e-01
 4  1  101977.12  1.2e+09  1.8e+07  3.3e-01
 4  2  104141.89  1.1e+09  8.1e+07  4.4e-01
 4  3  106144.39  1.1e+09  1.4e+07  5.7e-01
 4  4  108023.69  1.1e+09  1.1e+07  7.0e-01
 4  5  109771.72  1.1e+09  2.4e+07  8.0e-01
 4  6  111367.02  9.0e+08  2.0e+08  8.9e-01
 4  7  112901.46  1.0e+09  4.1e+07  8.3e-01
 4  8  114247.34  1.0e+09  7.1e+07  3.1e-01
 4  9  115450.75  1.0e+09  1.3e+08  2.2e-01
 4 10  116497.87  1.0e+09  4.6e+08  1.3e-01
 4 11  117370.98  1.1e+09  6.5e+08  1.4e-01
 4 12  118040.32  1.1e+09  7.5e+08  1.4e-01
 5  0  100001.52  1.2e+09  6.4e+06  1.4e-01
 5  1  102294.32  1.1e+09  1.7e+08  3.5e-01
 5  2  104403.89  1.1e+09  1.9e+07  4.7e-01
 5  3  106397.37  1.1e+09  1.3e+07  5.8e-01
 5  4  108259.65  1.1e+09  2.2e+07  7.1e-01
 5  5  109977.14  9.9e+08  1.3e+08  8.1e-01
 5  6  111628.13  1.0e+09  5.7e+07  9.0e-01
 5  7  113091.64  1.0e+09  3.1e+07  7.2e-01
 5  8  114421.66  1.0e+09  7.9e+07  3.3e-01
 5  9  115605.73  1.0e+09  1.8e+08  2.5e-01
 5 10  116631.72  1.0e+09  4.6e+08  1.9e-01
 5 11  117482.54  1.0e+09  6.7e+08  1.5e-01
 5 12  118122.03  1.0e+09  7.0e+08  1.6e-01
 6  0  100336.45  1.2e+09  2.0e+08  1.7e-01
 6  1  102610.91  1.2e+09  1.7e+07  3.8e-01
 6  2  104719.17  1.1e+09  1.2e+07  5.0e-01
 6  3  106693.78  1.1e+09  2.1e+07  6.1e-01
 6  4  108525.10  1.0e+09  1.0e+08  7.2e-01
 6  5  110291.98  1.0e+09  7.8e+07  8.2e-01
 6  6  111866.86  1.0e+09  2.9e+07  9.0e-01
 6  7  113314.30  7.9e+08  2.7e+07  7.0e-01
 6  8  114620.42  1.0e+09  1.1e+08  5.4e-01
 6  9  115773.31  9.1e+08  3.0e+08  5.0e-01
 6 10  116842.51  8.6e+08  5.2e+08  4.3e-01
 6 11  117652.90  9.2e+08  7.1e+08  2.7e-01
 6 12  118241.44  8.9e+08  7.0e+08  1.2e-01
 7  0  100768.32  1.2e+09  9.4e+06  2.0e-01
 7  1  102992.64  1.2e+09  9.2e+06  3.7e-01
 7  2  105079.36  1.1e+09  1.8e+07  5.1e-01
 7  3  107020.27  1.0e+09  9.6e+07  6.3e-01
 7  4  108898.11  1.0e+09  8.3e+07  7.4e-01
 7  5  110581.87  1.1e+09  3.1e+07  8.3e-01
 7  6  112140.46  1.0e+09  3.4e+07  9.1e-01
 7  7  113557.78  9.8e+08  1.0e+08  8.2e-01
 7  8  114915.62  8.8e+08  2.3e+08  8.3e-01
 7  9  116033.93  9.8e+08  3.4e+08  3.0e-01
 7 10  117003.19  1.0e+09  6.7e+08  1.7e-01
 7 11  117788.46  1.0e+09  8.2e+08  1.5e-01
 8  0  101221.32  1.2e+09  3.9e+06  2.5e-01
 8  1  103420.29  1.1e+09  1.3e+07  4.0e-01
 8  2  105468.49  1.1e+09  1.0e+08  5.4e-01
 8  3  107450.82  1.1e+09  6.8e+07  6.7e-01
 8  4  109243.77  1.1e+09  2.9e+07  7.7e-01
 8  5  110909.25  1.0e+09  3.9e+07  8.5e-01
 8  6  112428.64  9.5e+08  1.3e+08  9.4e-01
 8  7  113901.68  9.6e+08  1.4e+08  8.1e-01
 8  8  115149.37  1.0e+09  1.3e+08  4.5e-01
 8  9  116255.13  1.0e+09  3.4e+08  2.2e-01
 8 10  117196.08  1.0e+09  6.5e+08  1.7e-01
 8 11  117943.97  1.0e+09  8.0e+08  1.6e-01
 9  0  101720.06  1.2e+09  6.3e+06  3.0e-01
 9  1  103872.80  1.1e+09  1.5e+08  4.3e-01
 9  2  105956.15  1.1e+09  4.3e+07  5.7e-01
 9  3  107858.17  1.1e+09  2.4e+07  7.0e-01
 9  4  109627.74  1.1e+09  4.3e+07  8.0e-01
 9  5  111239.01  9.1e+08  2.0e+08  8.8e-01
 9  6  112830.07  1.0e+09  7.8e+07  8.8e-01
 9  7  114195.50  1.0e+09  8.1e+07  5.6e-01
 9  8  115422.07  1.0e+09  1.6e+08  3.8e-01
 9  9  116494.42  9.8e+08  4.7e+08  2.3e-01
 9 10  117395.85  9.6e+08  7.5e+08  2.2e-01
 9 11  118146.22  9.4e+08  8.1e+08  2.1e-01
10  0  102288.05  1.1e+09  1.9e+08  3.3e-01
10  1  104420.69  1.1e+09  2.0e+07  4.7e-01
10  2  106430.44  1.1e+09  1.9e+07  6.1e-01
10  3  108301.14  1.1e+09  5.1e+07  7.2e-01
10  4  110118.71  9.6e+08  1.8e+08  8.3e-01
10  5  111706.57  1.0e+09  4.9e+07  9.0e-01
10  6  113181.42  1.0e+09  5.4e+07  7.6e-01
10  7  114515.26  9.8e+08  1.3e+08  6.5e-01
10  8  115689.90  8.4e+08  3.1e+08  6.9e-01
10  9  116813.01  9.4e+08  6.5e+08  2.6e-01
10 10  117663.18  1.0e+09  8.0e+08  1.9e-01
10 11  118295.57  1.0e+09  9.2e+08  1.4e-01
#
#END#  -ref=VIZ5daf0fde4b7b ===================================================================

