# title : DpCan94 for D+ state (P and R transitions)
# reference : Can. J. Phys., 72, (1994) 856-865.
# reference url : null
# authors : Abgrall, H.; Roueff, E.; Launay, F.; Roncin, J.-Y
# type of data : calculated
# lines documented : no
# element name : H2
# element stoechiometry : 
# upper electronic state : D+
# lower electronic state : X
#  quantum number used to calculate statistical weight : J
#  formula used to calculate statistical weight : 1
#  formula used to calculate lower statistical weight : 2
# quantum numbers name : V; J
# number of lines : 748
# VU, JU, VL, JL, A (s-1), TR.E.(cm-1), term value D+, term value X (Komasa)
0  1  0  2  0.159067E+08 112581.08 112935.45    354.37
0  1  0  0  0.222335E+08 112935.45 112935.45      0.00
0  1  1  2  0.437050E+08 108437.61 112935.45   4497.84
0  1  1  0  0.623994E+08 108774.28 112935.45   4161.17
0  1  2  2  0.466364E+08 104529.09 112935.45   8406.36
0  1  2  0  0.713479E+08 104848.45 112935.45   8087.00
0  1  3  2  0.239519E+08 100850.75 112935.45  12084.70
0  1  3  0  0.434042E+08 101153.06 112935.45  11782.39
0  1  4  2  0.572993E+07  97399.71 112935.45  15535.74
0  1  4  0  0.153123E+08  97685.08 112935.45  15250.37
0  1  5  2  0.451509E+06  94175.11 112935.45  18760.34
0  1  5  0  0.324517E+07  94443.52 112935.45  18491.93
0  1  6  2  0.145022E+03  91178.44 112935.45  21757.01
0  1  6  0  0.425589E+06  91429.67 112935.45  21505.78
0  1  7  2  0.115028E+05  88413.95 112935.45  24521.50
0  1  7  0  0.296467E+05  88647.53 112935.45  24287.92
0  1  8  2  0.153163E+04  85889.15 112935.45  27046.30
0  1  8  0  0.446229E+03  86104.36 112935.45  26831.09
0  1  9  2  0.441965E+02  83615.71 112935.45  29319.74
0  1  9  0  0.833323E+01  83811.41 112935.45  29124.04
0  1 10  2  0.178029E+02  81610.50 112935.45  31324.95
0  1 10  0  0.410343E-01  81785.06 112935.45  31150.39
0  1 11  2  0.624157E+02  79897.31 112935.45  33038.14
0  1 11  0  0.135104E+03  80048.35 112935.45  32887.10
0  1 12  2  0.665003E+02  78509.23 112935.45  34426.22
0  1 12  0  0.131316E+03  78633.28 112935.45  34302.17
0  1 13  2  0.367517E+01  77492.46 112935.45  35442.99
0  1 13  0  0.297442E+01  77584.13 112935.45  35351.32
0  1 14  2  0.211138E-01  76912.32 112935.45  36023.13
0  1 14  0  0.190888E+00  76962.18 112935.45  35973.27
0  2  0  3  0.205480E+08 112354.64 113060.16    705.52
0  2  0  1  0.174863E+08 112941.67 113060.16    118.49
0  2  1  3  0.565694E+08 108228.77 113060.16   4831.39
0  2  1  1  0.495675E+08 108786.42 113060.16   4273.74
0  2  2  3  0.595437E+08 104337.46 113060.16   8722.70
0  2  2  1  0.578992E+08 104866.36 113060.16   8193.80
0  2  3  3  0.294768E+08 100676.08 113060.16  12384.08
0  2  3  1  0.372660E+08 101176.67 113060.16  11883.49
0  2  4  3  0.636465E+07  97241.87 113060.16  15818.29
0  2  4  1  0.147719E+08  97714.35 113060.16  15345.81
0  2  5  3  0.315670E+06  94034.16 113060.16  19026.00
0  2  5  1  0.381276E+07  94478.45 113060.16  18581.71
0  2  6  3  0.238955E+05  91054.61 113060.16  22005.55
0  2  6  1  0.670440E+06  91470.34 113060.16  21589.82
0  2  7  3  0.319168E+05  88307.70 113060.16  24752.46
0  2  7  1  0.735806E+05  88694.09 113060.16  24366.07
0  2  8  3  0.280067E+04  85801.25 113060.16  27258.91
0  2  8  1  0.276890E+04  86157.04 113060.16  26903.12
0  2  9  3  0.318616E+02  83547.30 113060.16  29512.86
0  2  9  1  0.568574E+01  83870.60 113060.16  29189.56
0  2 10  3  0.262559E+02  81563.26 113060.16  31496.90
0  2 10  1  0.211418E+02  81851.29 113060.16  31208.87
0  2 11  3  0.247023E-02  79873.68 113060.16  33186.48
0  2 11  1  0.114603E+01  80122.41 113060.16  32937.75
0  2 12  3  0.104450E+01  78512.83 113060.16  34547.33
0  2 12  1  0.126787E+00  78716.31 113060.16  34343.85
0  2 13  3  0.197589E+00  77528.93 113060.16  35531.23
0  2 13  1  0.225610E-02  77677.91 113060.16  35382.25
0  2 14  3  0.396241E-01  76992.33 113060.16  36067.83
0  2 14  1  0.803308E-02  77069.73 113060.16  35990.43
0  3  0  4  0.233036E+08 112076.17 113244.97   1168.80
0  3  0  2  0.149807E+08 112890.60 113244.97    354.37
0  3  1  4  0.635250E+08 107973.59 113244.97   5271.38
0  3  1  2  0.415689E+08 108747.13 113244.97   4497.84
0  3  2  4  0.672026E+08 104105.07 113244.97   9139.90
0  3  2  2  0.502143E+08 104838.61 113244.97   8406.36
0  3  3  4  0.326101E+08 100466.15 113244.97  12778.82
0  3  3  2  0.337840E+08 101160.27 113244.97  12084.70
0  3  4  4  0.634922E+07  97054.27 113244.97  16190.70
0  3  4  2  0.144299E+08  97709.23 113244.97  15535.74
0  3  5  4  0.200733E+06  93868.94 113244.97  19376.03
0  3  5  2  0.445163E+07  94484.63 113244.97  18760.34
0  3  6  4  0.641140E+05  90912.11 113244.97  22332.86
0  3  6  2  0.985456E+06  91487.96 113244.97  21757.01
0  3  7  4  0.734594E+05  88188.56 113244.97  25056.41
0  3  7  2  0.108245E+06  88723.47 113244.97  24521.50
0  3  8  4  0.752926E+04  85706.52 113244.97  27538.45
0  3  8  2  0.313491E+04  86198.67 113244.97  27046.30
0  3  9  4  0.199994E+04  83478.55 113244.97  29766.42
0  3  9  2  0.520870E+03  83925.23 113244.97  29319.74
0  3 10  4  0.360520E+02  81522.80 113244.97  31722.17
0  3 10  2  0.546864E+02  81920.02 113244.97  31324.95
0  3 11  4  0.258644E+04  79864.87 113244.97  33380.10
0  3 11  2  0.272621E+04  80206.83 113244.97  33038.14
0  3 12  4  0.135445E+04  78540.68 113244.97  34704.29
0  3 12  2  0.300054E+04  78818.75 113244.97  34426.22
0  3 13  4  0.311701E+02  77601.50 113244.97  35643.47
0  3 13  2  0.350623E+02  77801.98 113244.97  35442.99
0  3 14  2  0.974797E+01  77221.84 113244.97  36023.13
0  4  0  5  0.248549E+08 111747.37 113487.56   1740.19
0  4  0  3  0.131880E+08 112782.04 113487.56    705.52
0  4  1  5  0.680560E+08 107673.64 113487.56   5813.92
0  4  1  3  0.368688E+08 108656.17 113487.56   4831.39
0  4  2  5  0.725727E+08 103833.36 113487.56   9654.20
0  4  2  3  0.443511E+08 104764.86 113487.56   8722.70
0  4  3  5  0.347484E+08 100222.29 113487.56  13265.27
0  4  3  3  0.309290E+08 101103.48 113487.56  12384.08
0  4  4  5  0.641787E+07  96838.09 113487.56  16649.47
0  4  4  3  0.143248E+08  97669.27 113487.56  15818.29
0  4  5  5  0.136655E+06  93680.56 113487.56  19807.00
0  4  5  3  0.490372E+07  94461.56 113487.56  19026.00
0  4  6  5  0.127746E+06  90751.97 113487.56  22735.59
0  4  6  3  0.127919E+07  91482.01 113487.56  22005.55
0  4  7  5  0.100879E+06  88057.50 113487.56  25430.06
0  4  7  3  0.181463E+06  88735.10 113487.56  24752.46
0  4  8  5  0.664960E+04  85605.89 113487.56  27881.67
0  4  8  3  0.567396E+04  86228.65 113487.56  27258.91
0  4  9  5  0.997070E+03  83410.39 113487.56  30077.17
0  4  9  3  0.403701E+03  83974.70 113487.56  29512.86
0  4 10  5  0.953153E+02  81490.11 113487.56  31997.45
0  4 10  3  0.813010E+01  81990.66 113487.56  31496.90
0  4 11  5  0.936056E+03  79872.03 113487.56  33615.53
0  4 11  3  0.154329E+04  80301.08 113487.56  33186.48
0  4 12  5  0.785426E+03  78594.35 113487.56  34893.21
0  4 12  3  0.719782E+03  78940.23 113487.56  34547.33
0  4 13  5  0.809335E+02  77712.68 113487.56  35774.88
0  4 13  3  0.739179E+01  77956.33 113487.56  35531.23
0  4 14  3  0.153933E+02  77419.73 113487.56  36067.83
0  5  0  6  0.253189E+08 111370.34 113785.24   2414.90
0  5  0  4  0.120934E+08 112616.44 113785.24   1168.80
0  5  1  6  0.715281E+08 107330.85 113785.24   6454.39
0  5  1  4  0.338258E+08 108513.86 113785.24   5271.38
0  5  2  6  0.760035E+08 103524.11 113785.24  10261.13
0  5  2  4  0.400748E+08 104645.34 113785.24   9139.90
0  5  3  6  0.365669E+08  99946.13 113785.24  13839.11
0  5  3  4  0.282618E+08 101006.42 113785.24  12778.82
0  5  4  6  0.674084E+07  96594.85 113785.24  17190.39
0  5  4  4  0.139989E+08  97594.54 113785.24  16190.70
0  5  5  6  0.843703E+05  93470.41 113785.24  20314.83
0  5  5  4  0.528411E+07  94409.21 113785.24  19376.03
0  5  6  6  0.204328E+06  90575.48 113785.24  23209.76
0  5  6  4  0.151421E+07  91452.38 113785.24  22332.86
0  5  7  6  0.107719E+06  87915.73 113785.24  25869.51
0  5  7  4  0.272871E+06  88728.83 113785.24  25056.41
0  5  8  6  0.644824E+04  85500.54 113785.24  28284.70
0  5  8  4  0.168168E+05  86246.79 113785.24  27538.45
0  5  9  6  0.283213E+03  83344.03 113785.24  30441.21
0  5  9  4  0.161904E+02  84018.82 113785.24  29766.42
0  5 10  6  0.211203E+03  81466.49 113785.24  32318.75
0  5 10  4  0.801793E+02  82063.07 113785.24  31722.17
0  5 11  6  0.154729E+03  79896.74 113785.24  33888.50
0  5 11  4  0.929399E+02  80405.14 113785.24  33380.10
0  5 12  6  0.217890E+03  78675.98 113785.24  35109.26
0  5 12  4  0.334037E+03  79080.95 113785.24  34704.29
0  5 13  6  0.337214E+02  77866.27 113785.24  35918.97
0  5 13  4  0.361889E+01  78141.77 113785.24  35643.47
0  6  0  7  0.253799E+08 110947.57 114135.04   3187.47
0  6  0  5  0.117109E+08 112394.85 114135.04   1740.19
0  6  1  7  0.728257E+08 106947.51 114135.04   7187.53
0  6  1  5  0.317991E+08 108321.12 114135.04   5813.92
0  6  2  7  0.788799E+08 103179.42 114135.04  10955.62
0  6  2  5  0.369755E+08 104480.84 114135.04   9654.20
0  6  3  7  0.384780E+08  99639.60 114135.04  14495.44
0  6  3  5  0.258540E+08 100869.77 114135.04  13265.27
0  6  4  7  0.698645E+07  96326.33 114135.04  17808.71
0  6  4  5  0.132244E+08  97485.57 114135.04  16649.47
0  6  5  7  0.595209E+05  93240.15 114135.04  20894.89
0  6  5  5  0.552714E+07  94328.04 114135.04  19807.00
0  6  6  7  0.268582E+06  90384.19 114135.04  23750.85
0  6  6  5  0.180827E+07  91399.45 114135.04  22735.59
0  6  7  7  0.137867E+06  87764.74 114135.04  26370.30
0  6  7  5  0.364730E+06  88704.98 114135.04  25430.06
0  6  8  7  0.729366E+04  85391.95 114135.04  28743.09
0  6  8  5  0.260116E+05  86253.37 114135.04  27881.67
0  6  9  7  0.630832E+03  83280.97 114135.04  30854.07
0  6  9  5  0.346541E+02  84057.87 114135.04  30077.17
0  6 10  7  0.122408E+03  81453.63 114135.04  32681.41
0  6 10  5  0.297337E+03  82137.59 114135.04  31997.45
0  6 11  7  0.656715E+01  79941.04 114135.04  34194.00
0  6 11  5  0.430880E-01  80519.51 114135.04  33615.53
0  6 12  7  0.476978E+01  78788.48 114135.04  35346.56
0  6 12  5  0.913377E+01  79241.83 114135.04  34893.21
0  6 13  7  0.111713E+01  78068.22 114135.04  36066.82
0  6 13  5  0.403567E-01  78360.16 114135.04  35774.88
0  7  0  8  0.247573E+08 110481.73 114533.67   4051.94
0  7  0  6  0.118346E+08 112118.77 114533.67   2414.90
0  7  1  8  0.727608E+08 106526.09 114533.67   8007.58
0  7  1  6  0.311192E+08 108079.28 114533.67   6454.39
0  7  2  8  0.809590E+08 102801.55 114533.67  11732.12
0  7  2  6  0.345196E+08 104272.54 114533.67  10261.13
0  7  3  8  0.403820E+08  99304.78 114533.67  15228.89
0  7  3  6  0.233666E+08 100694.56 114533.67  13839.11
0  7  4  8  0.736153E+07  96034.45 114533.67  18499.22
0  7  4  6  0.121963E+08  97343.28 114533.67  17190.39
0  7  5  8  0.417919E+05  92991.55 114533.67  21542.12
0  7  5  6  0.560515E+07  94218.84 114533.67  20314.83
0  7  6  8  0.362205E+06  90179.79 114533.67  24353.88
0  7  6  6  0.212276E+07  91323.91 114533.67  23209.76
0  7  7  8  0.174973E+06  87606.14 114533.67  26927.53
0  7  7  6  0.491484E+06  88664.16 114533.67  25869.51
0  7  8  8  0.801325E+04  85281.70 114533.67  29251.97
0  7  8  6  0.377416E+05  86248.97 114533.67  28284.70
0  7  9  8  0.981351E+03  83222.91 114533.67  31310.76
0  7  9  6  0.429611E+02  84092.46 114533.67  30441.21
0  7 10  8  0.316052E+03  81453.46 114533.67  33080.21
0  7 10  6  0.468190E+03  82214.92 114533.67  32318.75
0  7 11  8  0.436890E+01  80007.43 114533.67  34526.24
0  7 11  6  0.968684E+01  80645.17 114533.67  33888.50
0  7 12  8  0.430859E+01  78935.72 114533.67  35597.95
0  7 12  6  0.123813E+01  79424.41 114533.67  35109.26
0  7 13  6  0.129458E+00  78614.70 114533.67  35918.97
0  8  0  9  0.233275E+08 109975.51 114977.47   5001.96
0  8  0  7  0.126615E+08 111790.00 114977.47   3187.47
0  8  1  9  0.711572E+08 106069.03 114977.47   8908.44
0  8  1  7  0.316590E+08 107789.94 114977.47   7187.53
0  8  2  9  0.821124E+08 102392.75 114977.47  12584.72
0  8  2  7  0.326884E+08 104021.85 114977.47  10955.62
0  8  3  9  0.424709E+08  98943.73 114977.47  16033.74
0  8  3  7  0.205618E+08 100482.03 114977.47  14495.44
0  8  4  9  0.785695E+07  95721.09 114977.47  19256.38
0  8  4  7  0.107127E+08  97168.76 114977.47  17808.71
0  8  5  9  0.227759E+05  92726.36 114977.47  22251.11
0  8  5  7  0.556417E+07  94082.58 114977.47  20894.89
0  8  6  9  0.501931E+06  89963.90 114977.47  25013.57
0  8  6  7  0.251482E+07  91226.62 114977.47  23750.85
0  8  7  9  0.232159E+06  87441.52 114977.47  27535.95
0  8  7  7  0.685364E+06  88607.17 114977.47  26370.30
0  8  8  9  0.963602E+04  85171.43 114977.47  29806.04
0  8  8  7  0.602189E+05  86234.38 114977.47  28743.09
0  8  9  9  0.207308E+04  83171.62 114977.47  31805.85
0  8  9  7  0.171609E+03  84123.40 114977.47  30854.07
0  8 10  9  0.603575E+03  81468.10 114977.47  33509.37
0  8 10  7  0.789765E+03  82296.06 114977.47  32681.41
0  8 11  9  0.550037E+02  80098.85 114977.47  34878.62
0  8 11  7  0.254877E+02  80783.47 114977.47  34194.00
0  8 12  9  0.500449E+02  79122.88 114977.47  35854.59
0  8 12  7  0.975292E+02  79630.91 114977.47  35346.56
0  8 13  7  0.177103E+01  78910.65 114977.47  36066.82
0  9  0 10  0.207125E+08 109430.99 115461.91   6030.92
0  9  0  8  0.144961E+08 111409.97 115461.91   4051.94
0  9  1 10  0.672618E+08 105578.17 115461.91   9883.74
0  9  1  8  0.341278E+08 107454.33 115461.91   8007.58
0  9  2 10  0.819580E+08 101954.63 115461.91  13507.28
0  9  2  8  0.310851E+08 103729.79 115461.91  11732.12
0  9  3 10  0.447975E+08  98557.85 115461.91  16904.06
0  9  3  8  0.170150E+08 100233.02 115461.91  15228.89
0  9  4 10  0.857179E+07  95387.49 115461.91  20074.42
0  9  4  8  0.862624E+07  96962.69 115461.91  18499.22
0  9  5 10  0.412660E+04  92445.69 115461.91  23016.22
0  9  5  8  0.531293E+07  93919.79 115461.91  21542.12
0  9  6 10  0.777246E+06  89737.55 115461.91  25724.36
0  9  6  8  0.310828E+07  91108.03 115461.91  24353.88
0  9  7 10  0.323452E+06  87271.88 115461.91  28190.03
0  9  7  8  0.106004E+07  88534.38 115461.91  26927.53
0  9  8 10  0.130528E+05  85062.20 115461.91  30399.71
0  9  8  8  0.104948E+06  86209.94 115461.91  29251.97
0  9  9 10  0.361881E+04  83128.40 115461.91  32333.51
0  9  9  8  0.846117E+03  84151.15 115461.91  31310.76
0  9 10 10  0.238272E+04  81499.40 115461.91  33962.51
0  9 10  8  0.145434E+04  82381.70 115461.91  33080.21
0  9 11 10  0.121967E+04  80218.36 115461.91  35243.55
0  9 11  8  0.998481E+02  80935.67 115461.91  34526.24
0  9 12 10  0.826484E+03  79357.21 115461.91  36104.70
0  9 12  8  0.239758E+04  79863.96 115461.91  35597.95
0 10  0 11  0.162408E+08 108848.22 115980.28   7132.06
0 10  0  9  0.186655E+08 110978.32 115980.28   5001.96
0 10  1 11  0.579344E+08 105053.31 115980.28  10926.97
0 10  1  9  0.392503E+08 107071.84 115980.28   8908.44
0 10  2 11  0.793004E+08 101486.74 115980.28  14493.54
0 10  2  9  0.295845E+08 103395.56 115980.28  12584.72
0 10  3 11  0.476138E+08  98146.51 115980.28  17833.77
0 10  3  9  0.119102E+08  99946.54 115980.28  16033.74
0 10  4 11  0.933366E+07  95032.86 115980.28  20947.42
0 10  4  9  0.526997E+07  96723.90 115980.28  19256.38
0 10  5 11  0.536475E+04  92148.61 115980.28  23831.67
0 10  5  9  0.476815E+07  93729.17 115980.28  22251.11
0 10  6 11  0.136874E+07  89499.75 115980.28  26480.53
0 10  6  9  0.427523E+07  90966.71 115980.28  25013.57
0 10  7 11  0.605721E+06  87096.24 115980.28  28884.04
0 10  7  9  0.184234E+07  88444.33 115980.28  27535.95
0 10  8 11  0.141304E+05  84953.17 115980.28  31027.11
0 10  8  9  0.211748E+06  86174.24 115980.28  29806.04
0 10  9 11  0.144160E+05  83092.75 115980.28  32887.53
0 10  9  9  0.884736E+03  84174.43 115980.28  31805.85
0 10 10 11  0.272410E+04  81547.64 115980.28  34432.64
0 10 10  9  0.590877E+04  82470.91 115980.28  33509.37
0 10 11 11  0.232944E+02  80368.21 115980.28  35612.07
0 10 11  9  0.108727E+03  81101.66 115980.28  34878.62
0 10 12  9  0.108469E+02  80125.69 115980.28  35854.59
0 11  0 12  0.792033E+07 108219.28 116517.88   8298.60
0 11  0 10  0.274354E+08 110486.96 116517.88   6030.92
0 11  1 12  0.377192E+08 104486.27 116517.88  12031.61
0 11  1 10  0.496824E+08 106634.14 116517.88   9883.74
0 11  2 12  0.668186E+08 100980.71 116517.88  15537.17
0 11  2 10  0.259502E+08 103010.60 116517.88  13507.28
0 11  3 12  0.488023E+08  97701.14 116517.88  18816.74
0 11  3 10  0.421669E+07  99613.82 116517.88  16904.06
0 11  4 12  0.103199E+08  94648.45 116517.88  21869.43
0 11  4 10  0.914551E+06  96443.46 116517.88  20074.42
0 11  5 12  0.137566E+06  91826.28 116517.88  24691.60
0 11  5 10  0.333677E+07  93501.66 116517.88  23016.22
0 11  6 12  0.300977E+07  89241.63 116517.88  27276.25
0 11  6 10  0.671192E+07  90793.52 116517.88  25724.36
0 11  7 12  0.129908E+07  86905.79 116517.88  29612.09
0 11  7 10  0.405124E+07  88327.85 116517.88  28190.03
0 11  8 12  0.163232E+05  84835.76 116517.88  31682.12
0 11  8 10  0.543332E+06  86118.17 116517.88  30399.71
0 11  9 12  0.551231E+05  83056.62 116517.88  33461.26
0 11  9 10  0.419045E+04  84184.37 116517.88  32333.51
0 11 10 12  0.901704E+04  81605.93 116517.88  34911.95
0 11 10 10  0.231023E+05  82555.37 116517.88  33962.51
0 11 11 12  0.273330E+00  80544.85 116517.88  35973.03
0 11 11 10  0.383800E+03  81274.33 116517.88  35243.55
0 11 12 10  0.340815E+03  80413.18 116517.88  36104.70
0 12  0 13  0.400260E+08 107744.79 117268.58   9523.79
0 12  0 11  0.208050E+07 110136.52 117268.58   7132.06
0 12  1 13  0.820766E+08 104077.43 117268.58  13191.15
0 12  1 11  0.427039E+04 106341.61 117268.58  10926.97
0 12  2 13  0.502934E+08 100636.67 117268.58  16631.91
0 12  2 11  0.137112E+08 102775.04 117268.58  14493.54
0 12  3 13  0.953239E+07  97421.69 117268.58  19846.89
0 12  3 11  0.444636E+08  99434.81 117268.58  17833.77
0 12  4 13  0.824236E+06  94434.11 117268.58  22834.47
0 12  4 11  0.352870E+08  96321.16 117268.58  20947.42
0 12  5 13  0.138743E+07  91678.47 117268.58  25590.11
0 12  5 11  0.506162E+07  93436.91 117268.58  23831.67
0 12  6 13  0.324807E+07  89162.94 117268.58  28105.64
0 12  6 11  0.132557E+07  90788.05 117268.58  26480.53
0 12  7 13  0.163837E+07  86900.42 117268.58  30368.16
0 12  7 11  0.427298E+07  88384.54 117268.58  28884.04
0 12  8 13  0.206437E+05  84910.20 117268.58  32358.38
0 12  8 11  0.105115E+07  86241.47 117268.58  31027.11
0 12  9 13  0.153452E+06  83220.99 117268.58  34047.59
0 12  9 11  0.558827E+04  84381.05 117268.58  32887.53
0 12 10 13  0.412716E+05  81877.06 117268.58  35391.52
0 12 10 11  0.794596E+05  82835.94 117268.58  34432.64
0 12 11 11  0.399574E+04  81656.51 117268.58  35612.07
0 13  0 14  0.365648E+08 107055.96 117856.97  10801.01
0 13  0 12  0.303708E+06 109558.37 117856.97   8298.60
0 13  1 14  0.889860E+08 103457.75 117856.97  14399.22
0 13  1 12  0.485903E+07 105825.36 117856.97  12031.61
0 13  2 14  0.729902E+08 100085.40 117856.97  17771.57
0 13  2 12  0.210540E+08 102319.80 117856.97  15537.17
0 13  3 14  0.233837E+08  96938.77 117856.97  20918.20
0 13  3 12  0.367522E+08  99040.23 117856.97  18816.74
0 13  4 14  0.300351E+07  94020.32 117856.97  23836.65
0 13  4 12  0.272838E+08  95987.54 117856.97  21869.43
0 13  5 14  0.612995E+06  91335.61 117856.97  26521.36
0 13  5 12  0.636825E+07  93165.37 117856.97  24691.60
0 13  6 14  0.850938E+06  88894.20 117856.97  28962.77
0 13  6 12  0.112324E+05  90580.72 117856.97  27276.25
0 13  7 14  0.490534E+06  86710.86 117856.97  31146.11
0 13  7 12  0.127077E+07  88244.88 117856.97  29612.09
0 13  8 14  0.528678E+03  84807.73 117856.97  33049.24
0 13  8 12  0.424063E+06  86174.85 117856.97  31682.12
0 13  9 14  0.119924E+06  83218.25 117856.97  34638.72
0 13  9 12  0.712284E+04  84395.71 117856.97  33461.26
0 13 10 14  0.377717E+05  81996.43 117856.97  35860.54
0 13 10 12  0.658371E+05  82945.02 117856.97  34911.95
0 13 11 12  0.508889E+04  81883.94 117856.97  35973.03
1  1  0  2  0.235469E+08 114801.93 115156.30    354.37
1  1  0  0  0.447421E+08 115156.30 115156.30      0.00
1  1  1  2  0.199626E+08 110658.46 115156.30   4497.84
1  1  1  0  0.350690E+08 110995.13 115156.30   4161.17
1  1  2  2  0.229459E+06 106749.94 115156.30   8406.36
1  1  2  0  0.843539E+05 107069.30 115156.30   8087.00
1  1  3  2  0.199604E+08 103071.60 115156.30  12084.70
1  1  3  0  0.359090E+08 103373.91 115156.30  11782.39
1  1  4  2  0.396952E+08  99620.56 115156.30  15535.74
1  1  4  0  0.650721E+08  99905.93 115156.30  15250.37
1  1  5  2  0.199828E+08  96395.96 115156.30  18760.34
1  1  5  0  0.337608E+08  96664.37 115156.30  18491.93
1  1  6  2  0.401095E+07  93399.29 115156.30  21757.01
1  1  6  0  0.901231E+07  93650.52 115156.30  21505.78
1  1  7  2  0.206104E+06  90634.80 115156.30  24521.50
1  1  7  0  0.172998E+07  90868.38 115156.30  24287.92
1  1  8  2  0.930504E+05  88110.00 115156.30  27046.30
1  1  8  0  0.387691E+05  88325.21 115156.30  26831.09
1  1  9  2  0.177814E+05  85836.56 115156.30  29319.74
1  1  9  0  0.138035E+04  86032.26 115156.30  29124.04
1  1 10  2  0.294347E+05  83831.35 115156.30  31324.95
1  1 10  0  0.455463E+05  84005.91 115156.30  31150.39
1  1 11  2  0.891638E+04  82118.16 115156.30  33038.14
1  1 11  0  0.208235E+05  82269.20 115156.30  32887.10
1  1 12  2  0.185022E+05  80730.08 115156.30  34426.22
1  1 12  0  0.116597E+05  80854.13 115156.30  34302.17
1  1 13  2  0.257226E+06  79713.31 115156.30  35442.99
1  1 13  0  0.571742E+06  79804.98 115156.30  35351.32
1  1 14  2  0.149036E+05  79133.17 115156.30  36023.13
1  1 14  0  0.191082E+05  79183.03 115156.30  35973.27
1  2  0  3  0.267890E+08 114565.01 115270.53    705.52
1  2  0  1  0.386172E+08 115152.04 115270.53    118.49
1  2  1  3  0.265736E+08 110439.14 115270.53   4831.39
1  2  1  1  0.323757E+08 110996.79 115270.53   4273.74
1  2  2  3  0.213026E+06 106547.83 115270.53   8722.70
1  2  2  1  0.181217E+03 107076.73 115270.53   8193.80
1  2  3  3  0.241206E+08 102886.45 115270.53  12384.08
1  2  3  1  0.315553E+08 103387.04 115270.53  11883.49
1  2  4  3  0.480265E+08  99452.24 115270.53  15818.29
1  2  4  1  0.520218E+08  99924.72 115270.53  15345.81
1  2  5  3  0.267878E+08  96244.53 115270.53  19026.00
1  2  5  1  0.292068E+08  96688.82 115270.53  18581.71
1  2  6  3  0.460066E+07  93264.98 115270.53  22005.55
1  2  6  1  0.837042E+07  93680.71 115270.53  21589.82
1  2  7  3  0.263369E+05  90518.07 115270.53  24752.46
1  2  7  1  0.164039E+07  90904.46 115270.53  24366.07
1  2  8  3  0.126662E+06  88011.62 115270.53  27258.91
1  2  8  1  0.255173E+06  88367.41 115270.53  26903.12
1  2  9  3  0.236934E+05  85757.67 115270.53  29512.86
1  2  9  1  0.177604E+05  86080.97 115270.53  29189.56
1  2 10  3  0.165855E+04  83773.63 115270.53  31496.90
1  2 10  1  0.125533E+03  84061.66 115270.53  31208.87
1  2 11  3  0.104979E+04  82084.05 115270.53  33186.48
1  2 11  1  0.122633E+04  82332.78 115270.53  32937.75
1  2 12  3  0.585329E+02  80723.20 115270.53  34547.33
1  2 12  1  0.241949E+01  80926.68 115270.53  34343.85
1  2 13  3  0.252553E+03  79739.30 115270.53  35531.23
1  2 13  1  0.567080E+03  79888.28 115270.53  35382.25
1  2 14  3  0.142068E+02  79202.70 115270.53  36067.83
1  2 14  1  0.175805E+02  79280.10 115270.53  35990.43
1  3  0  4  0.273525E+08 114270.67 115439.47   1168.80
1  3  0  2  0.374469E+08 115085.10 115439.47    354.37
1  3  1  4  0.284624E+08 110168.09 115439.47   5271.38
1  3  1  2  0.299277E+08 110941.63 115439.47   4497.84
1  3  2  4  0.368781E+06 106299.57 115439.47   9139.90
1  3  2  2  0.321466E+05 107033.11 115439.47   8406.36
1  3  3  4  0.253528E+08 102660.65 115439.47  12778.82
1  3  3  2  0.298706E+08 103354.77 115439.47  12084.70
1  3  4  4  0.534160E+08  99248.77 115439.47  16190.70
1  3  4  2  0.454926E+08  99903.73 115439.47  15535.74
1  3  5  4  0.302611E+08  96063.44 115439.47  19376.03
1  3  5  2  0.245317E+08  96679.13 115439.47  18760.34
1  3  6  4  0.472097E+07  93106.61 115439.47  22332.86
1  3  6  2  0.762448E+07  93682.46 115439.47  21757.01
1  3  7  4  0.976554E+03  90383.06 115439.47  25056.41
1  3  7  2  0.208458E+07  90917.97 115439.47  24521.50
1  3  8  4  0.289399E+06  87901.02 115439.47  27538.45
1  3  8  2  0.522995E+06  88393.17 115439.47  27046.30
1  3  9  4  0.432463E+05  85673.05 115439.47  29766.42
1  3  9  2  0.531442E+05  86119.73 115439.47  29319.74
1  3 10  4  0.420161E+04  83717.30 115439.47  31722.17
1  3 10  2  0.498528E+03  84114.52 115439.47  31324.95
1  3 11  4  0.284480E+04  82059.37 115439.47  33380.10
1  3 11  2  0.309820E+04  82401.33 115439.47  33038.14
1  3 12  4  0.535513E+02  80735.18 115439.47  34704.29
1  3 12  2  0.395083E+02  81013.25 115439.47  34426.22
1  3 13  4  0.120549E+03  79796.00 115439.47  35643.47
1  3 13  2  0.316244E+03  79996.48 115439.47  35442.99
1  3 14  2  0.940811E+01  79416.34 115439.47  36023.13
1  4  0  5  0.252599E+08 113919.67 115659.86   1740.19
1  4  0  3  0.385437E+08 114954.34 115659.86    705.52
1  4  1  5  0.282800E+08 109845.94 115659.86   5813.92
1  4  1  3  0.289836E+08 110828.47 115659.86   4831.39
1  4  2  5  0.628704E+06 106005.66 115659.86   9654.20
1  4  2  3  0.168567E+06 106937.16 115659.86   8722.70
1  4  3  5  0.244883E+08 102394.59 115659.86  13265.27
1  4  3  3  0.298916E+08 103275.78 115659.86  12384.08
1  4  4  5  0.564438E+08  99010.39 115659.86  16649.47
1  4  4  3  0.400925E+08  99841.57 115659.86  15818.29
1  4  5  5  0.333261E+08  95852.86 115659.86  19807.00
1  4  5  3  0.196326E+08  96633.86 115659.86  19026.00
1  4  6  5  0.476987E+07  92924.27 115659.86  22735.59
1  4  6  3  0.649397E+07  93654.31 115659.86  22005.55
1  4  7  5  0.701572E+05  90229.80 115659.86  25430.06
1  4  7  3  0.257068E+07  90907.40 115659.86  24752.46
1  4  8  5  0.569061E+06  87778.19 115659.86  27881.67
1  4  8  3  0.989168E+06  88400.95 115659.86  27258.91
1  4  9  5  0.719624E+05  85582.69 115659.86  30077.17
1  4  9  3  0.132540E+06  86147.00 115659.86  29512.86
1  4 10  5  0.103959E+05  83662.41 115659.86  31997.45
1  4 10  3  0.153707E+04  84162.96 115659.86  31496.90
1  4 11  5  0.793250E+04  82044.33 115659.86  33615.53
1  4 11  3  0.700592E+04  82473.38 115659.86  33186.48
1  4 12  5  0.458747E+01  80766.65 115659.86  34893.21
1  4 12  3  0.281821E+03  81112.53 115659.86  34547.33
1  4 13  5  0.140726E+03  79884.98 115659.86  35774.88
1  4 13  3  0.106490E+03  80128.63 115659.86  35531.23
1  4 14  3  0.463361E+00  79592.03 115659.86  36067.83
1  5  0  6  0.199849E+08 113511.25 115926.15   2414.90
1  5  0  4  0.423895E+08 114757.35 115926.15   1168.80
1  5  1  6  0.251539E+08 109471.76 115926.15   6454.39
1  5  1  4  0.292298E+08 110654.77 115926.15   5271.38
1  5  2  6  0.114308E+07 105665.02 115926.15  10261.13
1  5  2  4  0.566998E+06 106786.25 115926.15   9139.90
1  5  3  6  0.209565E+08 102087.04 115926.15  13839.11
1  5  3  4  0.317161E+08 103147.33 115926.15  12778.82
1  5  4  6  0.567898E+08  98735.76 115926.15  17190.39
1  5  4  4  0.346259E+08  99735.45 115926.15  16190.70
1  5  5  6  0.361975E+08  95611.32 115926.15  20314.83
1  5  5  4  0.134826E+08  96550.12 115926.15  19376.03
1  5  6  6  0.485606E+07  92716.39 115926.15  23209.76
1  5  6  4  0.457213E+07  93593.29 115926.15  22332.86
1  5  7  6  0.307719E+06  90056.64 115926.15  25869.51
1  5  7  4  0.309997E+07  90869.74 115926.15  25056.41
1  5  8  6  0.111357E+07  87641.45 115926.15  28284.70
1  5  8  4  0.184807E+07  88387.70 115926.15  27538.45
1  5  9  6  0.117627E+06  85484.94 115926.15  30441.21
1  5  9  4  0.304575E+06  86159.73 115926.15  29766.42
1  5 10  6  0.295001E+05  83607.40 115926.15  32318.75
1  5 10  4  0.330992E+04  84203.98 115926.15  31722.17
1  5 11  6  0.179373E+05  82037.65 115926.15  33888.50
1  5 11  4  0.210998E+05  82546.05 115926.15  33380.10
1  5 12  6  0.640337E+02  80816.89 115926.15  35109.26
1  5 12  4  0.571118E+03  81221.86 115926.15  34704.29
1  5 13  6  0.152510E+02  80007.18 115926.15  35918.97
1  5 13  4  0.185539E+03  80282.68 115926.15  35643.47
1  6  0  7  0.107925E+08 113040.34 116227.81   3187.47
1  6  0  5  0.491627E+08 114487.62 116227.81   1740.19
1  6  1  7  0.177861E+08 109040.28 116227.81   7187.53
1  6  1  5  0.302349E+08 110413.89 116227.81   5813.92
1  6  2  7  0.208983E+07 105272.19 116227.81  10955.62
1  6  2  5  0.161457E+07 106573.61 116227.81   9654.20
1  6  3  7  0.136141E+08 101732.37 116227.81  14495.44
1  6  3  5  0.353526E+08 102962.54 116227.81  13265.27
1  6  4  7  0.512627E+08  98419.10 116227.81  17808.71
1  6  4  5  0.273541E+08  99578.34 116227.81  16649.47
1  6  5  7  0.380584E+08  95332.92 116227.81  20894.89
1  6  5  5  0.589921E+07  96420.81 116227.81  19807.00
1  6  6  7  0.488125E+07  92476.96 116227.81  23750.85
1  6  6  5  0.183218E+07  93492.22 116227.81  22735.59
1  6  7  7  0.887699E+06  89857.51 116227.81  26370.30
1  6  7  5  0.347362E+07  90797.75 116227.81  25430.06
1  6  8  7  0.214003E+07  87484.72 116227.81  28743.09
1  6  8  5  0.348689E+07  88346.14 116227.81  27881.67
1  6  9  7  0.187801E+06  85373.74 116227.81  30854.07
1  6  9  5  0.703555E+06  86150.64 116227.81  30077.17
1  6 10  7  0.894840E+05  83546.40 116227.81  32681.41
1  6 10  5  0.102858E+05  84230.36 116227.81  31997.45
1  6 11  7  0.478022E+05  82033.81 116227.81  34194.00
1  6 11  5  0.598018E+05  82612.28 116227.81  33615.53
1  6 12  7  0.102592E+03  80881.25 116227.81  35346.56
1  6 12  5  0.191201E+04  81334.60 116227.81  34893.21
1  6 13  7  0.607895E+01  80160.99 116227.81  36066.82
1  6 13  5  0.232664E+03  80452.93 116227.81  35774.88
1  8  0  9  0.613059E+08 112160.40 117162.36   5001.96
1  8  0  7  0.108939E+07 113974.89 117162.36   3187.47
1  8  1  9  0.463755E+08 108253.92 117162.36   8908.44
1  8  1  7  0.366614E+07 109974.83 117162.36   7187.53
1  8  2  9  0.552551E+06 104577.64 117162.36  12584.72
1  8  2  7  0.216594E+07 106206.74 117162.36  10955.62
1  8  3  9  0.476640E+08 101128.62 117162.36  16033.74
1  8  3  7  0.137106E+07 102666.92 117162.36  14495.44
1  8  4  9  0.449219E+08  97905.98 117162.36  19256.38
1  8  4  7  0.228747E+08  99353.65 117162.36  17808.71
1  8  5  9  0.893860E+07  94911.25 117162.36  22251.11
1  8  5  7  0.408284E+08  96267.47 117162.36  20894.89
1  8  6  9  0.562264E+06  92148.79 117162.36  25013.57
1  8  6  7  0.202840E+08  93411.51 117162.36  23750.85
1  8  7  9  0.747632E+06  89626.41 117162.36  27535.95
1  8  7  7  0.101738E+07  90792.06 117162.36  26370.30
1  8  8  9  0.123800E+07  87356.32 117162.36  29806.04
1  8  8  7  0.125918E+07  88419.27 117162.36  28743.09
1  8  9  9  0.118058E+06  85356.51 117162.36  31805.85
1  8  9  7  0.897142E+06  86308.29 117162.36  30854.07
1  8 10  9  0.215841E+06  83652.99 117162.36  33509.37
1  8 10  7  0.931509E+04  84480.95 117162.36  32681.41
1  8 11  9  0.168031E+06  82283.74 117162.36  34878.62
1  8 11  7  0.190602E+06  82968.36 117162.36  34194.00
1  8 12  9  0.258872E+04  81307.77 117162.36  35854.59
1  8 12  7  0.203626E+05  81815.80 117162.36  35346.56
1  8 13  7  0.104196E+03  81095.54 117162.36  36066.82
1  9  0 10  0.559226E+08 111570.05 117600.97   6030.92
1  9  0  8  0.538771E+07 113549.03 117600.97   4051.94
1  9  1 10  0.473825E+08 107717.23 117600.97   9883.74
1  9  1  8  0.712637E+07 109593.39 117600.97   8007.58
1  9  2 10  0.660865E+05 104093.69 117600.97  13507.28
1  9  2  8  0.857911E+06 105868.85 117600.97  11732.12
1  9  3 10  0.469338E+08 100696.91 117600.97  16904.06
1  9  3  8  0.451349E+07 102372.08 117600.97  15228.89
1  9  4 10  0.557169E+08  97526.55 117600.97  20074.42
1  9  4  8  0.247027E+08  99101.75 117600.97  18499.22
1  9  5 10  0.149604E+08  94584.75 117600.97  23016.22
1  9  5  8  0.348362E+08  96058.85 117600.97  21542.12
1  9  6 10  0.907787E+06  91876.61 117600.97  25724.36
1  9  6  8  0.182560E+08  93247.09 117600.97  24353.88
1  9  7 10  0.201832E+06  89410.94 117600.97  28190.03
1  9  7  8  0.195140E+07  90673.44 117600.97  26927.53
1  9  8 10  0.447879E+06  87201.26 117600.97  30399.71
1  9  8  8  0.346609E+06  88349.00 117600.97  29251.97
1  9  9 10  0.352646E+05  85267.46 117600.97  32333.51
1  9  9  8  0.502097E+06  86290.21 117600.97  31310.76
1  9 10 10  0.232465E+06  83638.46 117600.97  33962.51
1  9 10  8  0.131106E+05  84520.76 117600.97  33080.21
1  9 11 10  0.206162E+06  82357.42 117600.97  35243.55
1  9 11  8  0.209518E+06  83074.73 117600.97  34526.24
1  9 12 10  0.682346E+04  81496.27 117600.97  36104.70
1  9 12  8  0.352421E+05  82003.02 117600.97  35597.95
1 10  0 11  0.473929E+08 110948.58 118080.64   7132.06
1 10  0  9  0.113309E+08 113078.68 118080.64   5001.96
1 10  1 11  0.448635E+08 107153.67 118080.64  10926.97
1 10  1  9  0.103567E+08 109172.20 118080.64   8908.44
1 10  2 11  0.276027E+05 103587.10 118080.64  14493.54
1 10  2  9  0.150489E+06 105495.92 118080.64  12584.72
1 10  3 11  0.433309E+08 100246.87 118080.64  17833.77
1 10  3  9  0.821263E+07 102046.90 118080.64  16033.74
1 10  4 11  0.616163E+08  97133.22 118080.64  20947.42
1 10  4  9  0.238096E+08  98824.26 118080.64  19256.38
1 10  5 11  0.192996E+08  94248.97 118080.64  23831.67
1 10  5  9  0.272023E+08  95829.53 118080.64  22251.11
1 10  6 11  0.930233E+06  91600.11 118080.64  26480.53
1 10  6  9  0.156235E+08  93067.07 118080.64  25013.57
1 10  7 11  0.221361E+04  89196.60 118080.64  28884.04
1 10  7  9  0.295684E+07  90544.69 118080.64  27535.95
1 10  8 11  0.120261E+06  87053.53 118080.64  31027.11
1 10  8  9  0.242344E+05  88274.60 118080.64  29806.04
1 10  9 11  0.510702E+04  85193.11 118080.64  32887.53
1 10  9  9  0.308924E+06  86274.79 118080.64  31805.85
1 10 10 11  0.415349E+06  83648.00 118080.64  34432.64
1 10 10  9  0.269182E+05  84571.27 118080.64  33509.37
1 10 11 11  0.512603E+06  82468.57 118080.64  35612.07
1 10 11  9  0.413763E+06  83202.02 118080.64  34878.62
1 10 12  9  0.147948E+06  82226.05 118080.64  35854.59
2  1  0  2  0.297353E+08 116897.70 117252.07    354.37
2  1  0  0  0.404673E+08 117252.07 117252.07      0.00
2  1  1  2  0.434012E+07 112754.23 117252.07   4497.84
2  1  1  0  0.601620E+07 113090.90 117252.07   4161.17
2  1  2  2  0.130391E+08 108845.71 117252.07   8406.36
2  1  2  0  0.175239E+08 109165.07 117252.07   8087.00
2  1  3  2  0.150773E+08 105167.37 117252.07  12084.70
2  1  3  0  0.220322E+08 105469.68 117252.07  11782.39
2  1  4  2  0.163272E+07 101716.33 117252.07  15535.74
2  1  4  0  0.143497E+07 102001.70 117252.07  15250.37
2  1  5  2  0.319622E+08  98491.73 117252.07  18760.34
2  1  5  0  0.464632E+08  98760.14 117252.07  18491.93
2  1  6  2  0.304523E+08  95495.06 117252.07  21757.01
2  1  6  0  0.581748E+08  95746.29 117252.07  21505.78
2  1  7  2  0.763092E+07  92730.57 117252.07  24521.50
2  1  7  0  0.226111E+08  92964.15 117252.07  24287.92
2  1  8  2  0.512647E+06  90205.77 117252.07  27046.30
2  1  8  0  0.271907E+07  90420.98 117252.07  26831.09
2  1  9  2  0.262173E+05  87932.33 117252.07  29319.74
2  1  9  0  0.873152E+04  88128.03 117252.07  29124.04
2  1 10  2  0.836012E+04  85927.12 117252.07  31324.95
2  1 10  0  0.225457E+05  86101.68 117252.07  31150.39
2  1 11  2  0.863357E+04  84213.93 117252.07  33038.14
2  1 11  0  0.369680E+04  84364.97 117252.07  32887.10
2  1 12  2  0.372323E+05  82825.85 117252.07  34426.22
2  1 12  0  0.175933E+05  82949.90 117252.07  34302.17
2  1 13  2  0.540232E+04  81809.08 117252.07  35442.99
2  1 13  0  0.298475E+04  81900.75 117252.07  35351.32
2  1 14  2  0.179126E+02  81228.94 117252.07  36023.13
2  1 14  0  0.135294E+03  81278.80 117252.07  35973.27
2  2  0  3  0.374013E+08 116658.47 117363.99    705.52
2  2  0  1  0.323220E+08 117245.50 117363.99    118.49
2  2  1  3  0.560339E+07 112532.60 117363.99   4831.39
2  2  1  1  0.473390E+07 113090.25 117363.99   4273.74
2  2  2  3  0.163322E+08 108641.29 117363.99   8722.70
2  2  2  1  0.139623E+08 109170.19 117363.99   8193.80
2  2  3  3  0.190801E+08 104979.91 117363.99  12384.08
2  2  3  1  0.176829E+08 105480.50 117363.99  11883.49
2  2  4  3  0.211600E+07 101545.70 117363.99  15818.29
2  2  4  1  0.101763E+07 102018.18 117363.99  15345.81
2  2  5  3  0.404535E+08  98337.99 117363.99  19026.00
2  2  5  1  0.372298E+08  98782.28 117363.99  18581.71
2  2  6  3  0.369853E+08  95358.44 117363.99  22005.55
2  2  6  1  0.499863E+08  95774.17 117363.99  21589.82
2  2  7  3  0.825970E+07  92611.53 117363.99  24752.46
2  2  7  1  0.217957E+08  92997.92 117363.99  24366.07
2  2  8  3  0.405346E+06  90105.08 117363.99  27258.91
2  2  8  1  0.309058E+07  90460.87 117363.99  26903.12
2  2  9  3  0.258211E+05  87851.13 117363.99  29512.86
2  2  9  1  0.916239E+04  88174.43 117363.99  29189.56
2  2 10  3  0.152856E+05  85867.09 117363.99  31496.90
2  2 10  1  0.458305E+05  86155.12 117363.99  31208.87
2  2 11  3  0.255679E+05  84177.51 117363.99  33186.48
2  2 11  1  0.904767E+04  84426.24 117363.99  32937.75
2  2 12  3  0.983767E+05  82816.66 117363.99  34547.33
2  2 12  1  0.614783E+05  83020.14 117363.99  34343.85
2  2 13  3  0.155056E+05  81832.76 117363.99  35531.23
2  2 13  1  0.135877E+05  81981.74 117363.99  35382.25
2  2 14  3  0.148206E+02  81296.16 117363.99  36067.83
2  2 14  1  0.851073E+02  81373.56 117363.99  35990.43
2  3  0  4  0.399870E+08 116359.19 117527.99   1168.80
2  3  0  2  0.289174E+08 117173.62 117527.99    354.37
2  3  1  4  0.633482E+07 112256.61 117527.99   5271.38
2  3  1  2  0.406148E+07 113030.15 117527.99   4497.84
2  3  2  4  0.173210E+08 108388.09 117527.99   9139.90
2  3  2  2  0.126588E+08 109121.63 117527.99   8406.36
2  3  3  4  0.210591E+08 104749.17 117527.99  12778.82
2  3  3  2  0.153143E+08 105443.29 117527.99  12084.70
2  3  4  4  0.219795E+07 101337.29 117527.99  16190.70
2  3  4  2  0.939429E+06 101992.25 117527.99  15535.74
2  3  5  4  0.446157E+08  98151.96 117527.99  19376.03
2  3  5  2  0.322919E+08  98767.65 117527.99  18760.34
2  3  6  4  0.406201E+08  95195.13 117527.99  22332.86
2  3  6  2  0.446521E+08  95770.98 117527.99  21757.01
2  3  7  4  0.836384E+07  92471.58 117527.99  25056.41
2  3  7  2  0.211418E+08  93006.49 117527.99  24521.50
2  3  8  4  0.249477E+06  89989.54 117527.99  27538.45
2  3  8  2  0.354946E+07  90481.69 117527.99  27046.30
2  3  9  4  0.107938E+05  87761.57 117527.99  29766.42
2  3  9  2  0.285089E+05  88208.25 117527.99  29319.74
2  3 10  4  0.154945E+05  85805.82 117527.99  31722.17
2  3 10  2  0.590472E+05  86203.04 117527.99  31324.95
2  3 11  4  0.604776E+05  84147.89 117527.99  33380.10
2  3 11  2  0.141041E+05  84489.85 117527.99  33038.14
2  3 12  4  0.200037E+06  82823.70 117527.99  34704.29
2  3 12  2  0.143228E+06  83101.77 117527.99  34426.22
2  3 13  4  0.395549E+05  81884.52 117527.99  35643.47
2  3 13  2  0.444136E+05  82085.00 117527.99  35442.99
2  3 14  2  0.378851E+03  81504.86 117527.99  36023.13
2  4  0  5  0.389430E+08 116000.03 117740.22   1740.19
2  4  0  3  0.286513E+08 117034.70 117740.22    705.52
2  4  1  5  0.670103E+07 111926.30 117740.22   5813.92
2  4  1  3  0.359892E+07 112908.83 117740.22   4831.39
2  4  2  5  0.165098E+08 108086.02 117740.22   9654.20
2  4  2  3  0.127036E+08 109017.52 117740.22   8722.70
2  4  3  5  0.218970E+08 104474.95 117740.22  13265.27
2  4  3  3  0.139766E+08 105356.14 117740.22  12384.08
2  4  4  5  0.189534E+07 101090.75 117740.22  16649.47
2  4  4  3  0.115375E+07 101921.93 117740.22  15818.29
2  4  5  5  0.465218E+08  97933.22 117740.22  19807.00
2  4  5  3  0.296949E+08  98714.22 117740.22  19026.00
2  4  6  5  0.436348E+08  95004.63 117740.22  22735.59
2  4  6  3  0.392572E+08  95734.67 117740.22  22005.55
2  4  7  5  0.848728E+07  92310.16 117740.22  25430.06
2  4  7  3  0.195316E+08  92987.76 117740.22  24752.46
2  4  8  5  0.107675E+06  89858.55 117740.22  27881.67
2  4  8  3  0.405861E+07  90481.31 117740.22  27258.91
2  4  9  5  0.102086E+04  87663.05 117740.22  30077.17
2  4  9  3  0.931255E+05  88227.36 117740.22  29512.86
2  4 10  5  0.833454E+04  85742.77 117740.22  31997.45
2  4 10  3  0.547597E+05  86243.32 117740.22  31496.90
2  4 11  5  0.127387E+06  84124.69 117740.22  33615.53
2  4 11  3  0.284075E+05  84553.74 117740.22  33186.48
2  4 12  5  0.483680E+06  82847.01 117740.22  34893.21
2  4 12  3  0.322034E+06  83192.89 117740.22  34547.33
2  4 13  5  0.136173E+06  81965.34 117740.22  35774.88
2  4 13  3  0.156281E+06  82208.99 117740.22  35531.23
2  4 14  3  0.229870E+04  81672.39 117740.22  36067.83
2  5  0  6  0.314971E+08 115577.97 117992.87   2414.90
2  5  0  4  0.319480E+08 116824.07 117992.87   1168.80
2  5  1  6  0.639805E+07 111538.48 117992.87   6454.39
2  5  1  4  0.328206E+07 112721.49 117992.87   5271.38
2  5  2  6  0.127729E+08 107731.74 117992.87  10261.13
2  5  2  4  0.146839E+08 108852.97 117992.87   9139.90
2  5  3  6  0.205991E+08 104153.76 117992.87  13839.11
2  5  3  4  0.130717E+08 105214.05 117992.87  12778.82
2  5  4  6  0.105591E+07 100802.48 117992.87  17190.39
2  5  4  4  0.205447E+07 101802.17 117992.87  16190.70
2  5  5  6  0.440332E+08  97678.04 117992.87  20314.83
2  5  5  4  0.283496E+08  98616.84 117992.87  19376.03
2  5  6  6  0.457947E+08  94783.11 117992.87  23209.76
2  5  6  4  0.309869E+08  95660.01 117992.87  22332.86
2  5  7  6  0.876996E+07  92123.36 117992.87  25869.51
2  5  7  4  0.151553E+08  92936.46 117992.87  25056.41
2  5  8  6  0.249355E+04  89708.17 117992.87  28284.70
2  5  8  4  0.443279E+07  90454.42 117992.87  27538.45
2  5  9  6  0.925747E+05  87551.66 117992.87  30441.21
2  5  9  4  0.361249E+06  88226.45 117992.87  29766.42
2  5 10  6  0.420690E+02  85674.12 117992.87  32318.75
2  5 10  4  0.226167E+05  86270.70 117992.87  31722.17
2  5 11  6  0.393312E+06  84104.37 117992.87  33888.50
2  5 11  4  0.772986E+05  84612.77 117992.87  33380.10
2  5 12  6  0.184462E+07  82883.61 117992.87  35109.26
2  5 12  4  0.107782E+07  83288.58 117992.87  34704.29
2  5 13  6  0.100908E+07  82073.90 117992.87  35918.97
2  5 13  4  0.102376E+07  82349.40 117992.87  35643.47
